1000
147336882198.48178 0.9587826544614302 51.62272983510189 0.724418900878979 -1.2688469903739947
13896128796.759367 -30.48867728924347 -56.05595550709255 -0.3449786685171694 -1.642728941921881
512065771714.51953 51.650183253904146 -8.895306029027907 0.6511233878348608 -1.4972024977434026
766615179775.1497 -99.41850808194505 -16.92153413162862 -0.8106476732642371 -1.2476380709880677
825297044882.019 93.52283000517576 -46.058943219965556 1.0852226251470984 -0.2919715129499889
75507912998.8335 12.275500557814084 -88.18989703672734 -0.18481752796819917 -0.1184769082387831
236585647450.01868 -20.769056278145584 -51.20049919069116 1.6818952779044332 -1.1946949316329567
118625514305.9537 -93.54076428615592 92.66635883633475 0.9926303057759012 -1.178545922368671
275343617913.78925 -15.199195529026952 83.08377881537231 0.7137538919016366 -1.3993457396365923
153651053970.85452 -51.51011145277431 -64.46399265695659 -1.9014441238197453 0.9958573312777221
183870335964.08774 -90.15561274160066 1.4786610111504785 0.8943272146092269 0.9888597211795691
730170747462.3018 51.94976653699365 12.472653985338653 0.3254543593836261 -1.593716645456921
531843095841.38104 80.81969852626284 -58.96698929005875 1.0006814987367112 1.0332229598005913
930332901009.5851 -51.70003238155725 11.45353261507951 1.9618981061742558 -0.748689393394359
801592838254.6023 -56.40923370278761 60.31425470788102 -0.018686188764035272 1.2690504895132206
164959339478.61566 88.25055489467633 -93.95669384168161 1.1745667569892952 -1.3433006690920553
434253911902.8946 67.59456930356635 43.48189016797511 1.5648472507085769 -1.1808079613102969
631306157747.6796 -15.695100538894778 -60.09204889677826 0.4239525747789026 -1.5142611674811888
904411224858.5305 78.19154268834211 88.43263295871881 1.7445629957176911 -0.41792140639171915
268554909375.34656 -53.47502263575723 10.282251642199896 -1.999755380271163 -1.1809464642286174
457710531547.4443 78.49765464804591 83.61458276428826 -1.074979207101471 0.6335661610697718
679407781258.5067 32.861174781757086 40.707503527903725 -0.4343216257610938 1.8278810738683369
235366275172.95148 -17.3718516973788 -41.00551799285972 1.4788292964397143 1.2457431762107238
227758437302.37137 63.32022605613349 -90.72763609851262 -0.7426706129894289 -0.6579664687417468
407797044972.1455 -46.860749161147616 86.01441672533747 0.12447830971453966 -1.320398962644624
743207019524.5476 -82.97149017787132 73.83689746675427 1.4900457271785235 0.5706055004637793
976198641474.6696 -35.12957720982833 8.937178393356263 -0.9802604944415205 1.3350364759291349
269901696360.01126 77.18043758786649 89.13437166432544 -0.2121463827271728 1.2249565747857076
510919926546.9796 99.61277096146591 67.45945121684548 1.9489133511591543 -1.743004315770993
884052074385.5471 71.94670324899906 -72.30088109389676 -1.0559616820803202 0.5788813404021691
443664279118.084 52.51387419069923 79.85064193430796 1.628511839475701 0.8920924365000351
486432296990.2108 -77.38768970607077 -69.69951054411851 0.06235223015518754 1.01136738657797
792968271973.7795 -39.01589353096189 -4.709076345352827 -0.13140936096111844 -0.7503097082001067
737890108375.0907 51.398251429216 -75.07817696318051 1.0847765800824014 -0.9201117470209046
148351006271.8134 -34.73983043836999 57.69383037920997 -0.6713082829174626 -1.6160485894034382
706586812504.6893 59.52817582453892 -14.217737201787983 -1.5041239902564647 -0.6596878823997652
73985670760.76125 20.62336170384617 1.3434598760125027 1.5899012550882365 1.3421877573658962
249746711490.24802 -99.9146516876663 -17.17083926997283 -0.797537702092741 0.7462102288134185
525341815072.70496 21.16588784018117 -53.64261879872563 0.07583767549887499 1.7756538573669784
84848667365.28258 -39.82652645280646 87.47330165806108 -1.7656775965221536 -0.1404865566175726
167822588869.03647 43.04794785459535 -74.59768791421774 1.0043380762282408 0.7005898100934087
752218120510.3923 7.046637564073194 82.08003759809873 1.9762949583425997 1.6032916356617335
969619854736.8707 -19.79540858744373 -6.037909214208199 1.3644884102138368 0.8207914187136001
927121118025.3239 -77.68682638146498 -63.146905977675495 -0.09632139556376673 0.027067360616684244
777069782307.3525 -73.63185553552296 -10.09138321194716 1.146063508014461 1.2891256556001602
353015358604.84875 16.083625265256444 62.49758452066524 -1.006691259170692 -1.0900655146071383
436917264156.1509 60.26832930580929 17.12082591048363 -1.9617267694477976 1.8902074516885041
98296138911.87138 75.58565466174872 -51.24993325784977 -0.6777963804969618 -1.7895762023374084
747511015889.5045 -32.28563228651025 82.81744479507566 1.4397789196608604 -0.5733724062320116
102897488781.81058 32.52780103462183 -60.220035018973775 1.5460577120749646 -0.8750306254157234
166528253454.39774 81.75479090960707 -93.01413155937792 0.3359815698976898 -1.2270131832030784
660965328098.2134 -88.3607357345803 -41.76388171700707 0.07798942818096455 0.2993933499420822
217598081629.98413 35.27726968875862 -52.75990835985347 0.18478892683238923 -0.06965249567481413
44440351158.12924 82.87484355527442 11.086575047491394 0.5303015596325089 -0.6978237051170093
181544108388.06845 -17.2549325591131 39.25087799212383 0.06362050029925381 1.1118596970476768
510152431244.70764 -26.667835560042306 86.73431535053874 -0.711027734820183 -1.1670097821022725
874338516861.0452 34.77708596078688 87.45075966580472 -1.9653846683155631 0.9575877905291743
232318973680.02594 -99.21259114071204 -68.15650496946908 1.608158096973055 -1.7276968193844708
608126721948.1663 25.316263172462072 96.02312511656271 1.350081931412872 -1.1811458177734409
654120210459.0131 35.01300287950821 0.7146125138927033 1.7047440089582717 -1.9563705598116488
278119176920.04767 18.213545897649965 -21.27733107747997 -0.8669752036367684 1.924409034999845
157290835464.10864 8.599916009766133 21.857668642997012 -1.48965802657144 0.6282548981373912
919428485832.7903 17.13011803616962 93.87113354104159 -1.5681062959270453 -1.6277512892978394
974116901477.7058 76.24799161249885 33.64407791209641 0.37730239824196987 1.0777020338801528
427632477893.8819 -4.66305231878934 81.06767345174109 -0.9736111579325057 0.09954592304839638
444100096903.1612 -66.30391816268788 -5.912155523220264 -0.6375685619483695 1.3082894183178193
646433117656.1304 26.40688446724046 64.73589237004117 -1.9151825655516745 -0.7175674120660731
630691344837.5804 34.15440336793506 39.046640761628765 1.7000767543145976 1.9383283570506515
755275063883.8187 -53.73232243612476 94.18299753953562 0.4817598825306968 -1.166376006432849
940111866000.3207 -88.77074627231246 -66.61618602454163 0.8910785555032956 0.44714611659376935
657103363997.5997 -1.1368898830461376 2.9699497101238705 -1.66669668163094 -0.5693693144388998
356658254535.9927 -25.717320553024493 36.937160182032414 -0.537199471699247 0.773995506408037
240572716943.38684 8.051118397899955 80.81207808348842 0.9286293803211869 1.815507567616364
908260062876.6859 55.51715762312091 -27.726489960061173 -0.38527071571574956 0.9213338314610464
607881605514.8921 16.01420895415326 -44.78812119639151 -1.4536093159128818 -1.6193474298374726
277256044485.2323 -5.357933095024393 24.109313421076962 -0.5520771679040521 1.4297876614704
248701217971.34534 69.53423221686558 0.32783501525550207 0.39708955485837416 1.3918373460495452
412236527819.6331 86.71854657835593 8.657594939928615 -0.6581642038572841 -0.2371075248550416
362441086729.4807 -17.033530008123464 77.83529674461386 -0.05202963713851494 1.6361535426817087
509186028473.1746 62.831283466972536 -80.69221681371641 -0.2090236980542981 0.847721572241301
653220197670.2996 -90.51331016076836 -19.91850345884893 1.932985767518678 -1.1957769160795584
425276547516.1338 -48.45103447852153 -73.488928561341 -1.8478001305038347 -1.6138788289272554
2923118426.3458858 31.69641046086383 -94.6769295605997 -1.2261555120455294 -1.4713464938914265
9907143131.779411 -6.060750814345255 -66.10407576584069 -1.183645539518773 -0.1704707674148107
296986684567.94 -16.470192038307417 24.70713602790768 -1.992880598397499 -1.9970879188355921
764406749880.0463 69.44859706382732 82.54993276370345 0.719178674543465 -1.8422490004660692
602880984972.6322 -16.87045566505563 23.23307338091513 0.5782577865388272 -0.5735933260917969
79866253348.39143 -40.543650133216325 -70.28927845416521 -0.05498003829448628 -1.0972143370083218
513462151733.8269 -76.70336990115194 90.7425947511042 -0.7891067865138259 -0.646097342279992
943101215092.3218 -20.38357824663568 54.12047695202904 1.351489844739493 1.052644173298261
837949008771.3745 62.73570695111775 -1.6616438949228751 -1.5372939885557035 1.8615450359432253
725948114223.623 20.148542146223576 -42.66726604576354 0.409375335268543 1.2082670283971533
915461920633.7527 -69.0495237113095 32.03846777811731 -1.1515023310981811 -0.6790439204966017
163585573443.41733 4.219257920365237 -97.43239379981719 -1.6629287355687246 1.8167430729926215
299339973443.2442 59.01255561484615 78.89510244928422 -1.579619176599805 -1.570075033718913
760177184715.1012 36.77355995584654 40.65862960540301 1.4173475897854755 -1.4531736852185437
683847656123.461 -63.09091135961309 -82.66709696816696 0.7997576372465764 1.3375567830614328
236331973275.44858 -40.55795707363692 4.067488681461967 -1.2998866372170843 1.5068808497131063
540169863787.0392 -54.077228340908576 77.22415078772858 0.11309740661322865 0.688013103187815
461821643295.0537 -3.206574296938001 17.221375608926664 1.5914497266222276 0.14139083698374
41740504686.54444 2.119417450073513 -28.484087015008555 1.372309671121041 1.8330783738550074
878838941620.3027 -33.318245265760254 -63.783799798697856 -0.4087411253736648 0.005563801083958708
97832394694.9148 54.445552603381 21.281181730592365 -0.6712312421871105 1.5550729577204616
950806027732.4388 -14.37822205039889 31.063498667257562 -1.3423418231905284 -1.0387782651303041
106385762691.71773 36.16701186468654 -19.494831009571655 1.5993661539495592 0.04461027201010426
890095769012.7128 -19.749941882646894 96.46100907014247 -0.7833948253513614 0.7795857243846354
310389898376.6865 -72.12701450313716 -35.37880312275803 -0.35519926779945665 -0.6207792163030343
969589912943.8423 17.23337548443638 -52.826110998829634 -1.3628884662566598 -1.9927801474139906
722556519489.9161 -14.719583946041752 86.718926964823 0.8749685306083559 0.9507449315028325
604548198363.1425 -4.363195434858724 75.87392375667713 0.22298656503286507 -1.8177337911815603
331698687440.2358 -35.733153646724475 19.52404635806269 1.0621468218675267 1.0389030421346557
956753511240.9894 49.731465126381465 -85.10042725584897 -1.959150760793559 1.66782199207316
942065963175.8599 80.19182457653608 -22.429614479395582 1.5736145208779249 -0.16674560543193273
137052039048.26604 -90.03824605376269 -49.82259531916184 -0.9832725729065621 -1.287780042580224
972737334403.5367 92.76463652113398 88.61719510521507 -0.09042034472561111 -0.3564619647217411
588088741967.3414 -15.172918586639582 -73.47924059829549 1.0456475641642138 0.10590833887401452
980594107060.9432 99.35635669461013 -68.52002006020953 0.9994970652520778 -1.3475233009748546
139373440293.37003 74.83936544554857 -10.457636655664501 -0.23738610162330076 -1.0320928925793948
649297444068.9047 73.88700610081258 -85.69797261400132 -1.10279507858775 -1.1937705257962379
727661964573.2546 54.606584263709976 -37.039543756750824 -1.8948386804247783 0.769064155808771
379536066905.7058 58.326449514028894 69.29388851088697 -1.2038998352134578 -0.7010876845473413
356056831512.42554 71.18434582259897 -2.70552195530054 -1.3242368812901182 -0.8742137550795999
190665942236.91583 -95.9002437280934 -92.80925570494556 0.5627940858775666 -1.7059298913819618
25380643192.569214 -30.147877927761783 -4.162375988713052 -1.903378568979579 1.4171539111427074
591351072824.4108 11.00697381195262 -65.96271878101712 1.945933291129207 0.3676292959166254
97735111323.02112 11.243339855346733 58.046446478208225 0.2750997896598091 0.2762878159793676
608370313372.9028 -64.56056355217048 13.477836244230332 0.5112670520446048 1.4080647911105215
307893816260.75146 85.17165894308195 -25.12275273743127 1.2181687514595456 -0.7290364436145542
999687676653.1058 -66.4675657261553 7.264823036099898 0.22953203621856844 -1.2501068542006228
712127140012.1515 76.84700538800303 94.64068367544056 -1.4436193387936336 1.3216162707618735
724049260502.4666 -92.85709737772075 -1.9198013661674906 -1.088612172283101 0.5510991757022423
794545800940.0658 40.50736172595879 33.7090646803905 -0.7187542310236688 1.5087836175198848
743611918291.8046 90.23619742388192 -38.405958970928154 1.46589888034362 -0.6223772578462063
599605385678.9429 96.47393289323983 -17.128032709221813 -1.9090089516379396 1.6528547861730338
516023974038.77045 77.74445766410722 62.86873290254172 -0.09952763987959212 1.5898615551581012
433307486538.02673 79.32196695067333 15.045866147360272 -0.6687077806620452 1.407981248129226
972932314251.539 -58.84100231772405 -70.82433518214972 1.9747485375600142 -1.7544612048618866
971831182201.588 -44.209106710340464 -77.56848811236463 1.8419848016982816 0.2776584966414095
108223229598.38605 11.922790627625403 -16.08784841272653 -0.9589386546256069 -0.7095718250275986
857603263764.7935 74.2527875161613 -44.104390908015546 1.1695728633297162 0.5392442083147979
102980782746.82574 71.72254867977713 43.45697615452781 0.9709881982597004 -0.8959570531666947
936798228563.2639 -28.35771267462988 83.42827300969083 1.232861410258736 0.5909912394266503
300147020034.53674 5.145289346223137 25.470883719759385 -0.3588562752672577 -1.0748429410459113
419458913145.1454 74.09369649270585 9.463597071717373 0.7649908698128698 -1.3502980187474245
49932071078.43735 -90.48660594483893 23.500325814041332 1.371997578418585 1.3965766432950533
897707874669.6895 -19.792168772871847 -3.7005014478760643 -0.44311569350028845 0.8903660536497546
19159789008.09062 -62.79734513957567 78.56409747596155 -0.11214214658793065 -0.3748645719940824
953108788089.2244 79.74767509427869 -2.7447270801365136 1.5863516998025422 -0.902197849007
398747002746.6974 -29.31087165823891 -56.91342026318951 -0.5526347492482082 1.4523999111777588
295254507185.9636 95.14192053298098 -64.76403150517635 1.6807747828486321 1.8581968633182924
85838166436.16125 -51.04447834697381 -57.0165126512365 1.6362836579176183 1.450768035820221
546818758618.3101 -77.19554912592896 9.513309822239663 -0.6003571597795676 -1.0274045130410792
355885650533.99994 79.72506755512185 -58.46011194603704 -1.9737820072273458 1.1136493005478858
402886891281.37286 -30.599409857534198 -19.04666486844242 -1.2762089200998905 0.6032142126419768
441027938386.4131 82.54704954035395 -77.55194882130212 -1.3385294554090232 0.48896107105320263
134289786531.17856 -78.53443533026447 -83.5453186669981 1.9376418605643204 -1.5827226878496385
65497402957.252075 -29.082039358164067 -39.55673511748916 1.2670144810326658 -0.5872744856144214
678838319147.2723 -69.53928534875345 98.0386843827857 -0.4750564909934969 0.7048270872232218
150260030221.21484 -29.448715224258578 32.23157223761126 1.809536014510122 -0.17853238067140875
135444761182.0559 -73.61958670875855 8.913110315460045 0.48429322318439727 0.9835098278684224
192147359084.12213 31.742288494504635 4.480935589155877 -0.5593344449803594 1.5837730165743586
284173284434.4908 35.28402323247053 57.4604957179032 -1.2123152503786012 0.5423955257050639
79979677840.09506 -87.97303815813451 41.72376757236398 0.020840315348629623 0.9695395694971021
566306827946.3074 55.305460621320435 90.6776694481643 0.4172025344586139 -0.2816867844934836
2585710045.148366 -29.968647620622463 81.55207905810073 -1.5309174976137836 0.31321164897546216
566595022509.7948 -55.5635291888916 -32.075448426843195 -0.1027770826121368 1.350046625320973
828434491444.0348 -39.12580541808504 -79.35611042513928 -0.5699153173978155 -0.5005369986689803
594092532611.3983 -62.9836357906759 -79.53945349156638 1.1652378457228196 1.1359013219904002
69728072131.22829 -83.06287443006369 69.48023181969481 -1.1434821889866016 -1.7684875453436235
494350642022.8732 -83.07628501395172 35.532247916695354 -0.1462685815547955 1.6556182406193667
634516093755.733 21.790129526220497 -28.932434935427963 1.9679599618710797 -0.5097268450332915
306088283630.1754 -84.1648866296835 -59.858398357350964 1.6140488859634572 -1.32933546208656
851601093708.0249 -53.643922265880306 -14.14993814754746 -1.8962440045314741 0.4271759174032792
988785682378.402 -89.1305156957102 49.26507100209611 0.39662988691296386 -1.5238608231839126
850790660268.7307 -36.262411846262 -27.80620698370977 1.8581283094256356 1.9236197902617085
431818681228.54407 14.927669531390663 89.49085312277364 0.25830511632745123 -1.7423187057571714
347178400926.4283 57.38007539214925 -59.36192560753408 -1.644360891603267 -0.09800623519042162
805137098403.0392 68.56801609783054 -32.76974175910361 -1.2737996928763113 -1.6187308751507112
233970698485.71152 34.72603099103932 38.24175451199858 -0.20119536593501897 1.8005493173568277
798953890713.9648 -76.94880315359167 71.98037409729994 -1.3309065836390563 -1.7728763274758026
97911895665.64006 76.47393441193776 88.1174005347622 -0.32049243415341966 0.46704708917048254
439636511360.4107 28.72250112346768 -88.8423837213667 0.5911376798094654 0.6311458761204123
84631938470.98329 58.44218345760021 -33.30766376012133 0.9855286789082807 -0.635300467929095
340382346521.5046 71.37925721818667 25.061476755283493 0.779858857698061 0.8697453561233854
398703408659.88086 23.124518588927657 -61.73158306686752 1.6391598924525925 0.8769067013984877
834549703899.2963 99.10244152726438 88.30810996022495 -1.0606189722512802 0.3119008387148079
305581666833.08307 -37.55068416866567 48.29514512996985 -0.2868706246024786 -1.8854140040020027
932673865203.8787 -84.30330628571751 -21.52366456179311 0.9155586306480008 -0.27428685143861475
430736387538.0685 -29.22309173856199 59.81648158440862 -1.1818162338357987 -0.3553997946034442
762491696321.5203 48.22335692235913 -6.652930560377641 0.32047373347152197 -1.64134195903253
191679398044.7428 86.37646108140501 -14.667479268916878 -0.3493342715675789 -0.3305267027466017
563634784131.3004 62.6463072342363 -49.98293106315308 -1.726578468876494 -1.2629466249727623
489978622493.95667 -7.008519996184418 -7.676651851038258 -1.4610816396702435 0.19368614964482855
273994238787.21188 -82.10015034794955 -60.16199271620388 1.6504561541870113 0.19099464829426616
16178233281.919483 -43.22616669353019 55.56452964400896 -0.2050525846999376 -0.15047950352458273
192381524846.49402 -60.64185665087298 45.41688472324165 -0.7253371412974818 1.3977055074349605
881369521087.0186 52.446139253741336 -17.445725091195598 -0.09943838540429084 -1.894747671712187
968917737682.387 -69.36216266398924 -30.24492342551642 -1.753811656523522 -1.4137309050783862
913128743505.5492 -60.25582009720729 -49.26848811892146 1.4796920826008604 -1.0331901457013348
885868740261.2206 -86.87824473140762 20.947286675855395 -1.4768205442039952 0.08903373343661825
90365464382.35783 8.043750849066257 51.79317059438628 -0.5035722109927399 -1.1324987065617957
514597489688.8155 51.38526214360863 2.290826367098873 0.602516220369214 1.2070472804332026
44654749873.87607 48.16818873356905 -2.013595706276462 -0.46700557414191257 -0.16023603068812342
902137509639.5955 50.66156656512908 37.27935321955468 -0.2464712263634019 1.4812011963715492
413008521466.4431 -1.5910124353424067 72.6141634281746 1.2961488974539646 0.8809088576227255
472895799754.4066 -47.11338647394649 53.906944902937795 -1.5510754060054959 -0.18760355062990985
688779796173.7312 15.609571511047847 99.12009155341991 1.678178292719219 0.1260337187597309
547645469687.54663 75.43925541854804 -95.66500325755077 -1.899312192764607 1.6065405670191493
584051775963.2244 89.46343845999166 97.13852427399127 -0.7815542878940334 0.5766215799810293
599891228322.5791 49.50736401795217 61.41449248933887 -1.7848561676687211 1.0115693959991665
391430586995.2436 79.09596520955816 63.71467687611511 -0.9886834845499206 -0.5887935871695977
837339561372.551 -94.65752240684269 -93.3725459246722 -1.883109701403538 0.7695234710940415
486134945128.8941 16.459236171606292 93.81568347766623 -0.9793635995783863 0.7494818676665109
997589675567.9222 21.24805022286378 54.97363834490088 1.8138615675485967 -1.5159842213064132
549501396556.99506 35.92633100030264 20.607178865567803 -0.13784519348277602 -1.9412517467969934
280922804055.12976 50.505186413105406 9.16001748272302 -1.474335650966832 -1.4192832891522498
34608803149.07744 -49.63551284688423 -82.22787930605529 -1.4827680778365515 0.5030406209353995
883173621608.7742 59.924851056838946 -57.700782793489005 -0.6977635669412483 -0.6665263224063933
156239039186.74185 -94.39070942559276 99.40464664452014 -0.11835957876516323 0.350689613166991
596567994960.9601 38.97201108530646 10.651419856090996 -0.30022465489481354 0.9757213373351208
131715195501.18144 41.41285293735885 59.52639182452074 0.8324613306581576 -0.2348026358194235
534405370958.2595 -52.57932178416655 -77.468295479261 -1.040715021631979 0.5978610109287663
429094576843.43964 83.90058652903105 89.8248310574412 -1.1042806908763918 1.3545864522116258
608863385020.9337 -46.78571619404048 71.31423377219082 -1.1562587949915115 1.7760331384875263
301153324528.95557 77.08557203850955 99.9654053289398 0.8512817089213609 0.973590929050093
153906959370.4146 -61.33403647793705 2.240474408015956 -0.27104846080999767 -1.1734529808206555
349796342876.6632 21.253471213686396 98.51265532243855 0.4567456131681453 -1.8140055923506373
523196711006.43567 52.10041912314648 -47.396165876582415 -0.4177674721834417 1.8095086911319402
77482779829.03748 -90.1446826684057 -67.51354626242664 0.3030889962973826 0.20815962984632064
59560954369.43997 4.160137223911576 -35.04247890073273 0.9616328538422692 -1.269936548184348
218241145456.86584 35.609661464115874 -39.25809710234176 1.281640223405946 0.18585946463359893
643997025994.3098 -99.76028300369045 -98.75689710831645 -0.4997891434255415 -1.481571686944168
388811966563.15643 75.10561879372739 50.32525164918562 -0.19505918052114923 -1.8981744394877178
311749272929.0052 45.91410838176071 73.55987320871341 0.34221729046634186 1.9827978494377052
546313704970.22314 91.16516788474655 -99.69044224625246 -0.5869046518145744 0.7574578680896953
244880933285.82593 -47.9568341825747 -90.51044071243304 -0.17560848068055757 -0.19164528956556248
166537151612.5367 -91.2479290336595 -21.608884312263726 0.38963097391931445 -0.8630958022520185
183841526868.88086 65.57569934162595 96.66634468045731 0.5386572581659261 -1.0469351859722833
714551516163.5918 72.9859190800642 -56.056121083834974 -1.229154378015068 -1.0947061580461752
554997071865.8527 -87.4412142204968 -68.4415895119329 0.2514140720975311 0.8133540114547588
160659953109.90546 -26.34986567027839 -92.40114154363907 -1.413035311380363 -1.7860845491907602
214384533939.17697 -14.255265020201506 -84.27471406988694 0.18004808699229047 -1.7012393668796038
775267571242.6571 -50.30110197645896 13.303013767601527 0.17346859686558114 -0.7628775128054937
494742948482.93115 -42.45813309817434 44.069138109528325 -1.8580778971028407 0.11934581996607818
85884678944.73479 -91.9483238570143 74.94072565853108 1.0596305473423717 -0.41000843810007437
799048257596.9358 -95.7554059452862 0.2401586671729916 1.7057205909347313 0.6366823355072104
267904932554.20114 -46.485600968684615 -54.867232411974285 -1.0484449644345037 0.7303732196254105
215241409698.0053 -11.910015998346822 -89.31026219230067 -0.33733007572851115 0.81996874039474
32673544597.224167 91.96025215632494 24.59166040056897 -0.10532938417658944 -1.9176826689092938
359284107632.7271 44.22845056604595 36.42360645245327 0.3036454933949364 1.1266770628183047
485085842656.09155 -62.78401296795548 59.38509602834304 -0.20740177710208574 -0.22492116515793992
476059319034.3232 89.07183444007072 -4.544253179230068 1.479233914466747 -1.395011980846479
986534257270.843 58.37368803994531 -38.20958937683541 0.9591071701975697 0.1565028927383163
882201536469.9176 34.18241868135988 -98.76619157551767 0.5132886999094177 0.5447437309622312
984052849753.026 -0.25597357335855975 -63.5197868036812 -1.3355563040803347 -0.9018174460692969
173176827954.4488 -13.0097296328439 -22.47973426386632 -1.5308095710140281 -1.3527841995021035
363428014788.3683 -98.98187038189764 0.6950655986895953 1.338079826980242 0.83497326950949
352906572637.3443 87.33932964399037 92.51367897731015 -1.689807377714196 1.7791707566576442
584414573877.6588 34.3411301806822 90.36922328074678 -1.7793147304217927 0.9798432572952498
779995905327.8308 97.30584802320737 -91.84148121634952 -1.7016826554242805 1.6866040864444725
880111882233.4675 11.315485154986732 58.01346093789934 -0.793981477036902 0.49671530529080243
968689918048.9045 31.83983031029004 -58.770794461757305 1.3361262737955095 0.3506350374915028
885211970064.1094 -12.46894459718284 3.6111750016937663 0.7662775062034943 -0.26059547482016576
113018348412.21684 33.20583882616833 32.22145229608253 -0.5203012904284225 -1.0847904593295086
450047136130.5193 -7.526906506836411 -73.38064325726165 -1.917740191704893 0.026434152084669815
79732514553.83469 -75.3434763782538 37.97503354118686 -1.7964819510349126 0.4054353145118643
762779331309.8707 -21.316764081481935 -65.0119685484299 -1.46978937845565 -0.2899986507566288
916393235397.5577 79.09337687084076 -21.029358971927124 1.0905721474962986 0.5012730257462978
73715184753.38892 -88.41975965437898 -15.93975239428147 -1.482554216699362 1.9559866608877088
905239389722.9838 97.8041773086897 59.906206111211276 0.8928351107522063 -0.3005123567775865
640179431118.1439 63.60011776567384 20.63978026915916 0.8545816139618929 1.5789041042421088
970097927490.1143 -77.81672812006576 52.85785732293087 -1.2118178967813193 0.17444129406655362
454529955948.0638 -85.22121241483703 -94.37099262259443 0.2840420201596694 -0.27917690460466904
493844420213.1145 -81.34033027572328 80.27050920539921 -0.012419648975541708 -1.3809980753254862
248545608160.84262 52.32880118528212 58.86879678218958 -1.0482665361946673 -1.862305302456421
9840331334.888105 72.67102209110789 -67.10797680050607 -0.6651704417085851 1.1792747769437808
3013059677.8317494 -55.81417223520098 28.281068379515347 1.7225121957744496 1.7264702042097322
663426114302.4716 -24.20874141019047 -71.24548193895903 1.0291603584454374 1.5530007129254986
408327408010.1479 -64.71653969189069 -91.5078858553681 0.20090442397133002 -0.31489822141831647
434102623874.2549 63.69043415886256 15.27218510367048 -0.8381268974480922 0.677255204166058
587885474957.6733 -87.19608902979157 -59.04228222529944 -1.3610459041070495 1.1410624480396314
790549268368.0509 40.30472018631775 27.023084507018936 -1.0088527590025 -0.8498245726996361
333348939273.0884 75.29329859769706 82.06249755231437 -0.23075196512983842 1.091927561840417
694353993010.2714 83.4057991780115 12.361825147108505 0.16364884953242376 0.40325219774629817
233828472096.04907 -81.08854605081284 28.504719156539068 1.4326965541701182 1.630656337451975
967286414416.2441 33.39042314540839 67.09277621491952 -0.45128756905976886 0.5330927451218463
333653947473.0875 -88.55202725369078 -39.711215321369785 -0.9419361983475341 0.5039733672558602
940092127401.4364 9.18687458533978 19.17282526273685 -0.7005288519676989 -0.56481394609244
22245415411.079224 -18.33018464044747 -80.58489426858873 -1.4864765189535434 -1.3021218953838996
170972536493.56033 -34.16542100597002 -44.625377285732725 1.3969616636275797 -0.8557108039261458
503698328255.97473 -33.989891551920465 16.47175305201219 0.6679510272724762 0.392225108977998
47829331501.17324 -91.74210016281526 34.75213265190803 -0.2652001150715413 0.24716524198790157
414654608030.7315 -45.65470187706679 17.291535474038696 1.2262306199353032 -1.858751351014508
998571078917.2827 51.00356841978396 -84.15804716543234 -0.29103023619451607 1.8303684377080662
141562029063.22433 -61.43945501433299 57.852966265404206 1.089612594161268 -1.230442026357808
469736607257.60443 -52.889815767436566 30.90911115022027 -0.5500339568922779 1.950116824124613
798437342166.8475 13.98291728830145 -33.50389390865645 -1.9174280756403177 0.9159181993693504
27031446119.991417 50.77921043382807 -66.94898814600221 -1.7174163280277916 -0.22215193018689883
572804374566.1403 -70.31549599348858 61.14770423651345 -0.12231861498439844 1.844837792879313
795667770449.2979 45.97008615734683 -76.40449758263478 -1.9800709229098925 1.597915481032579
261582675676.7987 -39.598468500252196 8.252867416759187 0.041348398620311144 1.0986870983750094
314383766036.76355 -61.962718604480926 -86.35524004049087 0.060565807721900455 -0.2456513723464342
47328694670.3652 -1.0153525236039798 15.526417341351916 -0.06692706152502392 1.6837589875506365
590273852206.4259 95.3109954768774 -93.45592392793125 -1.4335708722602947 -0.4057453515579583
841675145396.453 -57.05496643837045 14.040790060930348 -0.47471813403514274 -0.687935316921084
984654580316.2732 2.245607345545281 4.336523953092524 0.40491446599153935 0.9857877798636103
929441929690.6909 82.08988679482971 79.91857302976558 -1.2847446208014461 1.7321667830862073
224757011777.13522 96.83605644480403 89.7289481905668 -0.2548695101363867 1.492582584289527
56669834017.3388 88.82088525368027 -39.530447395853166 0.9746010760610346 -1.6235992141235758
678166029102.3146 96.69146766267528 -36.90665482145514 0.007763566305109215 1.9236376603964853
406821782117.39996 -34.17812738052601 -36.676047512860244 1.2927749642250346 1.448118449978471
340693794088.87823 45.143483811609514 -97.31046444205217 0.8225629659824452 0.41601762781170626
862104991060.7307 -2.8182356090652405 -25.565554703650207 -1.2558646051338331 1.5975325665634723
6421132703.083685 -52.93218450845063 -86.91418447733206 -0.8961413042727338 1.711031984855548
13804338222.81564 39.31537525047443 -81.85894129569652 0.445349484557545 -1.9641813995886062
300842513145.08636 37.93604939444174 -90.32931938451844 1.489779935815966 1.7442515904494735
195388869193.3258 -13.797601814704137 -52.51650490499693 -1.8653164481385893 0.6669899857476911
233939633890.8305 -0.024312893800342295 -77.61276167576514 0.0020585986829528835 0.9534990461159718
423539507820.514 81.62418024701813 -89.63646959360585 -1.5490038529033145 0.25516563130470393
844763231623.9587 23.982469153857593 38.89845199428581 1.3247802491396308 0.8078375818916794
254780315186.68585 -39.15745743580024 27.879597035916092 -1.7799667576528995 -0.6985786330541992
301112240022.65533 95.9176392720168 -40.960671891884104 -1.8459684157625054 -1.1404095563407854
911704329845.2998 -16.90548109171317 64.95026228228585 -1.9630983918249472 -1.7195565379222133
507799882849.893 -45.962067108807084 -58.46984565115763 -1.8249302857388314 0.7776729393034132
994495065887.642 -50.283445104863645 12.937872648981653 1.6377401240867613 0.35979226882237203
170097088120.9038 -17.197908846626746 -40.290606450177165 -0.2604263568555827 0.7126497780944119
37233382377.92407 26.886072443409503 37.490791318929524 -1.6527080843286477 0.272314710464967
338216834925.2535 -2.413634973141484 12.848765580913764 -0.9671955275618056 1.129594061341055
907660239133.0822 31.12582678599449 2.0977243180831238 0.8715592634218119 -1.2548887181730906
790632715359.7039 -57.241045988131575 -36.79405632976116 -1.1447341050114241 0.6934373283503121
517627384100.37805 14.208016461377497 -76.30510386192033 -0.6939922314797098 0.7774555936902807
77666884051.95087 76.10212390439031 55.625103395754905 -0.5069302244816432 0.5159995806660382
981112967855.1486 -9.569189170132049 -45.25249866207841 1.5560517493499195 1.2006892132568248
48457524760.45261 -74.6787922598941 -20.40514190649958 -1.3297072258835008 -0.44013688082446656
922157415962.9773 1.1407437371551765 26.16563705463311 -1.6203736531655228 1.8546484201849962
96187686310.06487 30.379272006756906 27.222781173155397 -0.4260149601179011 -1.0890573706466204
348600872155.0195 -26.004618361612103 51.77415719274353 0.1563510071131562 -0.7974917435896343
868062446144.375 -79.32816978558226 26.491300732267305 -1.8508344788141367 0.19451697364897624
838784122340.7517 -11.894297880303071 -58.89087114786007 -0.3349438095230415 -1.4069353964947018
330461395997.2804 -88.8242764438103 54.31167713401999 -0.7390699222815624 0.9148218917524504
419677042930.1113 -82.37025270684188 99.94263785028988 -0.7215339721914265 -0.6880866383181048
629722292983.5269 86.02595735408397 -45.21877407533952 0.25126215625199455 -1.6506836880989106
901790876113.7347 84.46581387266107 29.137235979533216 -0.4288868634623375 1.054185487335983
346344641528.5201 -8.691490984779463 30.48005850891903 -0.4596998183012686 -0.6714904740459056
515996009191.6971 -7.673958083684212 36.71841784264441 -0.9496704424569176 1.4161655994088655
447018067029.8468 13.832835740692474 -90.90928174654576 0.36139768533602545 -1.9941994950086874
68065240012.592735 -34.53690242408776 98.65067279059235 -1.1572732756161521 -0.23946215034917806
544994270165.7477 -75.28776817820292 -38.40991035519683 0.08635433284888538 -0.3509361614135389
568426523188.2507 93.06727673266687 -30.537356074739236 -1.659772384188067 -0.34766740607939983
60640080771.68522 54.93823488161894 -82.75602144223015 -1.385934577925668 0.8439919772386655
607487397247.0754 -96.07460015601303 67.25349192339615 0.04399888370236216 -1.8713776268736066
55602709388.22581 85.31945807188242 37.32837906872933 -1.0101801753571507 1.3129974631893364
807014045655.7898 -66.68188961565485 -27.044286779453827 -1.2064147048660678 0.3157001853115782
153091764671.54935 45.51497254501828 -79.35229032889274 -0.672036477079125 -1.1819668794772893
753887240802.3152 46.22585166389362 60.436191033718444 -0.04570012352533581 0.5096733797214279
875511218630.0015 -66.73732635960707 74.41704492552992 -0.5757618874685062 -0.4082010111193255
70254094296.75557 -25.803956947241957 39.13563453956718 0.5673224348665289 -1.7089250306963857
984695311323.9427 54.10928000754947 73.94409707038272 1.8666577435937883 0.2107855230915936
461006751739.9881 -87.41794434324355 10.06565539603757 -0.093860530914474 1.0432310636431468
162772534728.28085 -10.263330469755672 40.423149593117046 0.13986042838670443 -0.45148603070263826
514028593905.8408 -12.761927035882906 46.81247813234404 -1.8848136025765103 -0.6182198002626689
823682402581.835 17.658668830151086 -55.536910295034936 -1.7017523505580487 -0.6914801375575617
706637212393.5803 28.234690461329308 -5.811586634885742 -1.5292775172510034 1.0311544115342297
247356503228.0375 -72.84473411747605 99.9861728614483 -1.517579873072104 -1.9188257056704772
565230272717.7092 44.94014832591904 90.61291559918931 -0.6786179520256739 -0.13439093931636314
557919952062.5858 17.29039240037946 -13.603854445538758 0.7760056845107894 1.959085681372057
639690240833.9248 -53.059880040471796 -20.509493630972344 1.82972825720484 -0.29012647936370817
582594046187.6488 -3.4473995193513787 74.11643993839095 -0.54033314581732 1.1401925162424966
18715761190.015503 11.24478413863963 -20.355139485476343 0.623576246803403 -1.2295010466382505
79578595053.64848 -57.99796314824688 -35.66985927817797 -0.372127359285237 -1.0432951866385545
928738212237.5781 28.976990184902775 29.85830348260751 1.4153850067051716 -0.04202820459307821
916276794135.2167 -96.1414121656335 -4.9088366660526646 -1.92426888653564 -0.41613396407075687
231804913854.23526 53.69211300946125 -45.7284086065562 -0.2749028994851286 -1.7663113482086605
85832758511.73297 -82.58773288222554 -45.27345303471601 0.6799358124642256 -0.563617723636455
296196551229.078 52.021565020820674 -0.632204436566397 -0.3536597035124762 -1.1331987495090456
26253358036.727398 31.08895263230346 54.58350746222007 -1.0464025798160437 -0.5716970581402205
191941898779.88657 57.473674431132025 -34.52078462396051 0.6624340967396543 1.0972492697018792
154413467000.80545 -45.05822935670181 19.47442907823995 0.07965907789312743 0.10247776349666626
648180838803.8881 -29.937440159931157 23.689955406224 0.7468784848193195 -0.9572778442858518
767010806785.9094 -27.469395486408985 82.32913940833976 0.6476810931376447 0.6872409571253866
456117094256.3755 97.27328724333114 64.555277621953 -0.349921395177637 -0.7128984640189504
450737592727.3085 35.0662500637786 -35.4868771342137 1.0534542581164494 0.9317360536558046
432109154924.169 71.08256575688375 -51.719278604651706 0.3309468558561699 1.0228332606552102
818217491506.8148 -16.23249649914935 44.54668403511312 1.5664898404593481 0.2415790685385648
563561832961.9651 -19.966906024587615 -45.0648790982826 0.6043381933120981 0.4406704540507871
309775521562.2183 77.20012234281322 25.847073702053308 -1.2816954542400527 -0.9117122705750234
631285236161.4197 79.26350912325438 -99.0366339966152 -0.16212638047247996 -1.74924420213847
475733108400.0082 -23.210037921652614 24.396637092819645 1.8656435167142384 1.9949983554041268
154424114277.61325 28.904143808245294 -7.5473889797419815 -0.8900764737948186 1.302277841404556
880701255906.9823 -86.21624742660958 -97.39166894334615 -0.5047433532247525 -0.2583701488844379
625870577257.1827 71.21016051126705 -10.608293338318788 -1.8952539496759297 -1.4783677357591345
679757524500.7798 -35.91637355558734 41.75360080383456 -1.381078463950565 -0.575104446779108
738657855689.0494 32.124326364349855 96.82628289648471 1.4145393696516102 0.8112543796531706
488793097868.1804 73.49704563200515 -2.8921269560195526 0.4833779839149699 -0.027829270791321914
794104665498.3357 -73.97364773818703 54.59998402436733 -0.6121050477104424 1.0504907057379285
868546450255.6571 -78.51524972229267 -29.126682903967335 -1.1642598659053451 1.1817047013274076
569084178801.2104 52.03883529131704 25.029578485041682 -0.23328436116138018 -1.4501311935585925
483683236323.4137 45.59124889373581 -6.324580302372553 -1.5919071949043886 0.7670502523784117
257945966314.14426 -73.8846078328352 -58.38433842219277 -1.8403489868810183 1.5956989473754772
593980564256.7958 2.476079230401453 -49.57027004624257 1.377739689933068 -0.2451953336589896
432447907459.7699 86.46948757608763 48.37113328987067 -0.7201190189450117 -0.8029523815004782
486128979255.4308 -68.45659799575017 -84.03734390992486 1.4265589826458744 1.3068322371738397
739751902956.2102 -80.38933422937468 12.680810695586132 0.007527325679633545 1.9706702248840955
801058945536.157 41.11704085691312 80.82417033740217 1.752475973333564 1.5753026725094252
138308201140.13257 97.54185502720628 -0.27070723135169317 -0.09112353365579429 -0.8061010080020607
403678173551.94507 19.50181802885598 -27.605958563126237 0.7470690628541461 0.9998548038812753
576720477581.1285 74.4957951722154 55.148594326845085 -0.35098703086140226 -1.6659729275001438
111191509726.82147 31.930242061314175 35.585562265341366 1.0677287522786685 -1.26257655562469
648233450971.7583 83.14120082364806 35.93791378470931 -1.9439842064257267 -1.3540266317030976
140336068714.4756 -29.36044292942684 16.24084093560201 1.3802500573557483 1.023822505577518
126826292149.57616 -43.52810342440343 23.05172159426465 0.055516184247693 1.5359604575209063
432570767236.4934 -22.008143684860087 28.9637927742738 1.1393282377110139 1.5209258839900257
360039587370.8484 83.63040646384925 73.29573616085278 -1.6985547532875507 -1.1472498361669148
143844148407.53156 -65.2916670610816 -94.7556837634125 -1.4425638583408156 -0.16655389402210652
913062282633.5498 -47.35061550601078 -31.628496387540437 -1.6909600267189897 -0.8703005594838227
35352413228.56026 -20.82798202509734 73.10052571707934 0.28674312858072115 1.1209484049028657
873337960928.2339 -36.99401934218909 -54.4903394660176 1.6830367389724321 1.0359460639565312
717055944523.0999 67.25570118911108 -25.637175403643568 -0.5666853575763766 1.124382356612411
899423238978.0355 92.92005895886058 -11.788793495529035 0.658467856435891 -1.4675450460516917
655596919624.1652 -42.86525754553914 41.31674002522391 1.5887210925017667 -1.9696622505872923
955962399962.2306 -35.6469455037475 -40.262270259463676 -1.605889049250118 -1.8553208636773895
862103766649.913 -8.608335203564565 -13.656410477456717 0.15797649342502407 -1.2730000949770068
865640027347.7421 -78.59494099729993 57.31605732354305 0.4789974798865071 0.2989637804988132
740563607444.8668 -54.38851682194517 24.983106249665866 -0.1524804327246354 1.114790214320057
151652309791.19565 89.74267554748224 22.400730085568952 0.19310494247769627 1.8754163632943635
901200765745.1792 38.21828281739079 28.358149559804104 -0.08961924275254729 -1.151239911911278
912453628340.8313 -35.271394567020266 68.66800152815443 -0.31360355533040085 0.03354156927610985
753271433941.6417 97.26281530823698 0.556696341303109 0.7197899279588236 -0.2656981362301001
54059308633.81448 -40.54271483932048 80.1629111220895 -0.6284411862188444 -1.9151528411315208
346701150461.37866 73.08139209137585 19.587928809685096 1.5496073080295902 0.7483335024493663
430726315050.43994 20.012401448208266 98.10280140490917 -1.9331030785800714 0.23746046075094096
337417285665.60205 -17.638581625436117 6.96804003335707 -1.9213183501811084 -0.09570641012017678
387498415422.7019 -1.9411611260274242 -56.47322651619451 -0.8675018305998536 0.5326808415059898
680927698523.4089 -73.43360983113654 -56.12884915842316 0.9115952738192417 0.21002284199724963
602720165380.0513 -13.270151260927605 -8.500333317590417 -1.2215380495701034 -0.3535090516294255
983335160973.1255 -51.1169537725902 -31.40539930594079 1.0733316180533818 1.2013162456989317
341317571883.96704 64.90852912370678 34.613146709686276 1.1265835948039888 -1.3700490719013088
159591581934.94702 -33.69575793349678 53.823701655259185 1.9404754951957415 -0.31558255961965154
609352762040.0669 -60.34367326665453 68.11150820331676 -0.21977193296964348 1.818579782674108
272020075700.00128 44.693906668729426 -76.50539118816076 0.5482890623573256 0.21735639003766716
476098484278.1757 -8.516874436114861 93.24429561931049 0.01961808312456137 -1.8467003700131492
588042634676.6903 32.1522762279468 -3.147338833592329 -0.021929313156605623 1.53811139300945
132192177044.47704 67.74690035625585 -14.14004966267754 -1.73459231794636 -1.5097204854596717
823612821413.2999 8.120789076604808 99.44570223057303 -1.7316316757245547 -0.44864446124226287
447818097543.9373 -8.3072743155506 87.46756148605817 1.3904327455470895 -0.24200668089217858
777206238444.2164 42.41370726873683 34.3836131098621 -1.042797251293004 -1.5904732255827279
894247735350.2931 16.709728107302553 -21.10411556677063 -0.780161698624076 1.4572012428762884
854855446847.8315 40.45506938677585 -80.03614012995473 -1.7043331563204362 -1.746242445096906
694807511745.5825 41.157218514414126 88.1901069218049 0.7449685918214342 -1.2955772843189073
328993969278.98846 82.60339065946917 35.99698273441919 0.8181934545248066 -1.5611324776768267
912796385529.6921 82.1187399064647 35.80619321297826 0.9350997761013242 0.9955238886167539
796039003127.7286 47.744809335266666 -55.958121781311945 1.0494034573503983 1.8640174784377095
316064206802.0519 -7.096288231415926 -83.6496558456301 0.37433783696141143 -0.9330380479409501
516984671409.02026 -71.72661899853077 97.43095512373984 -0.8797544784226368 -0.5535242254454888
27291781158.081406 39.02731972568847 -79.81751738175973 -1.8974107220075274 1.082634311705958
812650822167.5525 -30.859902695362052 41.81194579486413 1.8202741045361126 -1.4840454027038756
916519264179.277 -59.25490245935266 90.40942717045274 1.19916512224929 -1.7932508863261263
720146213415.4037 -94.23759566904212 26.946098839706508 -1.4631675336736483 -1.2730306001204315
107507950991.7612 -91.03560695436268 -23.588885063240284 1.2644364573370002 -0.2610008715209515
16024640812.258755 91.46176894496557 -49.919346627944904 -0.4857059417207896 -1.2328435386361156
412442658174.77344 -12.934163378560768 -35.90241146549505 1.112954211926946 -1.3803513066221722
922543221508.299 1.2411891499669139 -43.76444761467617 -0.09634587188700561 -1.0384074710756375
768282800354.7646 -26.858634298931804 7.949267113064053 -1.786207097906888 1.456335179242907
25372321680.62045 -49.592288057702035 99.58715559154382 1.5557573127774993 -1.0261823776794783
424545924961.76886 50.840845121078075 99.40813386967946 -0.05692729636609295 -1.7320600707140748
602041326620.4347 54.35081551905091 -55.51781997376138 -1.90527825864632 -1.0623499786713841
404068025748.7065 54.73907250644535 97.36437708590694 -0.5453346982983458 1.1926462315234643
110408354270.27484 -14.861517539157788 -28.635400296993808 -1.7865378042938924 -0.04404796656963894
32564131320.80289 -46.78039404410765 -86.75857111214404 1.61625230076881 1.887200466511957
329501378645.4152 -98.27731359851558 71.90291965943388 1.7047519818765355 0.9102276332750554
206575683264.8253 -71.98361483349495 30.294077922057085 1.0164275320246414 1.9450399260636773
729228376210.3894 93.19362937804743 -1.6468647610886222 -0.32533711240676944 1.198750431306212
732860267420.0631 -64.16223350917261 25.28818750756585 -0.9646466022931985 -0.22571883356710387
401154705153.7832 -45.09489453513622 95.51705128367678 0.5237960203090823 -0.26366386400636
646010997977.4362 1.8325298719453826 83.80664354960831 -0.083385928000697 0.8090838106934122
982687100649.5597 71.39304546005673 98.9947089055604 1.317137473358918 -0.048249565076260215
665118774160.151 -47.28114515296022 -76.04199134299961 1.5269307597140918 -0.8678669957137553
274279950708.706 -6.245550935773679 -30.962565962389846 -0.4996035893599595 -0.7582517419758004
689310573829.7266 -41.26114031861881 61.92979520023164 1.876681866696606 1.2395353376930358
336796958916.45984 -45.03425169963096 -87.6832871679305 -1.3382018996219212 0.48179894721939087
530043278558.8531 -73.95490922891055 -1.945006981230307 -1.7417356811199811 -0.8820998776324664
629007973834.1144 -11.131646723085026 -39.74049601050629 0.10008390318852056 0.9143043598665521
301336691168.26794 -97.96353770400408 92.72638782592608 -1.376308543170107 0.09393957396392816
86954308454.22133 -8.766972979023251 -28.17500018041474 -1.577353113117713 -0.4553468345561513
208599779848.65842 -27.853766391384795 -52.75764099468405 -0.6654689000892642 1.2313387421131838
636637497742.468 85.2925451655384 -23.199493749839277 0.4066979980295784 0.3197846870098946
101530513926.0682 56.849788217855945 -92.89554844776653 0.9195567955658972 -0.6606530758772937
951201035282.1432 -10.363612127994031 26.060582301489504 -1.903919713778527 1.4490616473213014
701078426056.9299 -46.87940508809441 35.40436937999837 -0.676332139844074 -0.6133972247301274
516392211390.56714 70.40767272433862 -2.0912725441896214 -0.46109322684232 0.20084948022837912
565807449778.0587 -38.62950489450236 -26.718834336662823 -0.9402665308094251 0.6133161657597412
687846522699.7723 52.52240285267874 -43.96837789289816 -0.6814020708687587 -0.7656963035823816
241349880393.19443 45.80848718968332 96.99213546468212 -0.08678043381942135 1.8475720609668045
331624157271.4482 6.896362545765015 -17.56601119322214 -0.6357782417190467 -0.24857794423612622
970789010115.66 -74.32770330935719 16.07721494170565 1.8992131803538834 -1.2688113744681893
452853347696.5668 -15.062652804599779 1.6656360567884434 1.9531888935025679 1.9990824712440576
370496962443.2855 -86.10780300757747 32.934147036306115 -0.971512123166923 1.3519584509365963
78585643168.63887 16.785976921471217 37.226731134119404 1.1866972523912707 -1.9505865373432107
624892033755.5184 79.94000493360608 -58.59484344493544 -1.8644537139236959 0.11370817455557569
625944508650.2698 0.050632214351949756 -33.864026963305676 -1.3850601488567094 -0.7631906645568391
73996894440.0989 20.411994662735694 -61.03459660980421 -1.205728175276895 -1.8172681843359606
267178112084.5332 -43.71121269896814 58.061517661482554 -0.026833900875776084 0.7130129431270928
315336698838.5913 -54.13002331521297 -82.62798466062343 0.25098048239227344 0.1622121727737773
407995875679.6818 -1.3090471329168025 -70.04185830045763 -0.4053634212406223 1.149886137164653
893149880699.8679 16.809136898472516 -25.91146674605362 1.4627372451366147 0.38007414891155156
235993085154.4844 27.478028042098373 -25.941742831441687 1.1585928988116283 -0.5130243488935209
930250753731.4047 -39.1086112089817 16.021086100103005 0.05924283463404878 -0.5175109739942689
317982985161.9835 -58.50985105853657 -5.245772087129282 -0.9528903484875824 -0.7933609951097469
560940127146.1553 -62.255441604281025 -59.403950012979976 -0.9724601379083739 1.381208700038762
111751172433.16801 -50.46059329508799 -16.65066662448251 -0.018881085632582284 1.9384234806425096
273588311153.951 22.194588326721146 -30.8552250193232 -1.9354165963183885 -0.6730982899756652
345169822808.2388 78.25160251567951 72.51978347979886 1.0863920312595852 0.556884589371851
496486880441.5371 -88.14746134093075 18.57351424967956 0.12487661270372952 1.701228155471846
364298478354.19135 67.66763557228848 95.76455687173936 -1.1220256869347147 1.8895558106063053
237334557315.96213 -7.271211740610809 -79.84833212826238 1.6268083743071302 -1.282911068148033
595177964478.3699 69.83147862352604 40.806961620068165 0.6102087103649545 1.7618097170132287
869420477102.8596 86.621281865937 -7.102924583554355 -0.13925403640150913 -1.8734088492185021
965489051645.426 84.82263944718301 -30.66570828260376 -0.40287656125543414 -1.352699103834456
968748306304.81 -19.901504538152338 -70.54038795281654 -1.1439217155848862 -1.1787634783488583
293605865829.7638 -64.72501176686103 -37.62749472690254 -0.9208809827106634 1.5793319286962086
165065605882.86816 84.09716446511172 -94.02386187102105 -1.6068582251948755 0.3016232609511751
220577788599.66782 -85.61161393160148 -25.903592652390103 -1.8942666076445152 1.378873061887615
85443530169.37773 36.69247755391436 62.592732657000084 0.4417476756604759 0.41422061741130545
717998196927.3884 4.499125326158122 -55.634704168944936 -0.22501587426288294 0.7627202356678917
968532287679.6202 30.3106036948804 -81.36468866804975 -0.07869874678200706 -1.9056557254173097
480723846737.01135 54.035706342588696 38.456957028301815 1.716509886073124 1.0001285739443793
335170466311.8898 3.817426717417675 -36.5769580867719 0.16842827858636245 -1.8431504148736573
389404630655.09845 -84.49222311537106 59.50433246035814 -0.5347887754857781 -1.171070864656004
734270363925.8959 -1.7483514250619407 -12.7921057967189 -0.8277858891781023 -0.8964585754284458
95603762138.3572 -83.18373650615074 -73.94834212961807 -1.6820700746647237 -1.7415969631670145
849155351211.9742 77.27176139441633 88.24684128168394 0.5834125278952182 -1.3599380775174956
419064200788.3896 47.219854490596816 99.35661518727673 -0.9635575462395711 0.49058491414191385
329041029164.83704 -94.57037191709503 39.580865471659024 -0.1652133473378301 -1.5139757905649707
778999923620.3883 -77.5844412898696 13.642640387267704 -0.24539529257101877 1.1199192746947984
94161293438.55676 -50.21406831749573 -31.669798243401814 -0.2569852826761738 -0.14556640325342585
510033465098.0091 51.769318170634875 -56.063333181463925 -0.6284758805277098 -1.899835254527824
97535357187.40265 13.600579779575824 16.286548039720742 0.817897603159166 0.6219357531769836
129971878080.1486 -63.28986557574821 -63.96458918139019 -1.40929945944703 1.7167052265257858
632285774661.3732 87.99985658818676 -60.628710348604685 -1.4981215837754074 -0.3931043095572244
306282981446.68646 -47.20042703411125 -78.37545492616466 1.0505700870593229 1.346063410707906
694524280626.6816 70.72093471043317 -69.69223547768111 0.5372487008618316 1.4249062196337463
305216500370.2336 17.73251902112736 89.31299910940956 -0.5576479468764584 -1.3196309330963403
452619705444.3641 -16.23593376145959 51.014391848095215 0.02225690804282232 -0.907251018915364
182615214121.02026 73.66621422436637 11.0853015290636 -0.5751697476332929 1.7636046828539853
785795686654.7502 24.12195880774422 -22.21702372339884 -1.5900438489174702 1.8032560458472484
225450400728.02625 28.503515360030462 72.6624027227441 -0.7886484523876125 0.8374063574161918
810582533064.5863 -32.122138183204044 -86.4937106091859 -1.4438766106890806 1.867309837348559
800191374726.1554 -69.1663603845416 86.70074376250315 -1.6876614683939009 0.012370665423779403
511201861300.3969 91.54746619365136 12.847212347769911 -0.8750097031692441 -1.6319116577768993
939257955768.1855 39.1611520831172 -40.75654817734811 0.9496246618923716 1.643337820870903
961783566731.9009 59.001452212468166 -46.434836219426835 -1.8414567324062179 1.323417513830257
433357317546.80115 86.77633724346515 37.7537682068199 1.557105392035003 -1.662376257633348
877173966546.1796 39.07442239123324 -7.209021501531083 -1.1915274613725395 -0.026983806712056246
395452495019.71326 -71.6707783528382 -21.761230114534484 -1.6428526623892261 1.5542445726588623
612195948049.8906 2.87864966583615 -47.55166941961797 -1.1689778669649447 1.8649252064860002
963626904251.4272 -46.303383709249005 19.066617208001844 -0.2986337802850181 0.11186112822042515
617479821463.7358 -67.81028842832188 -10.648590506453857 -1.0264294911539973 -0.2554320578592879
322339471193.6056 7.199999309747838 -39.20903380510159 1.8464310845016416 1.7886437359451026
796423730335.2622 65.2389779291727 55.980104762386844 -0.33919704080200663 -0.550507486179463
736339675995.9719 84.34433902951423 17.40301731799265 -1.8286498998820457 0.8903963339826158
492125349722.8116 61.85649411540504 -70.43534787049293 0.43418674026273774 1.740535667004004
108334937723.63579 -62.53685822842603 -73.42226581830316 -1.3089876200816914 -0.18748663035037705
540029919561.92303 86.83323485602159 -62.01184057489735 -1.7477591380035897 1.2117567437239183
414707535723.8138 8.060568099504934 52.08496563270032 1.2473814782085237 1.0219216766076964
783381408230.8625 97.7725805994283 82.57554289884274 1.3692956165297425 0.1431944106844396
191797431963.37585 -35.09839621245487 -57.92922374255656 -0.8603528823298707 1.4539084302645326
142163049946.47537 -16.760173966965453 87.9053748489126 -0.5775704757857216 1.9431070572484774
962703132833.3097 -12.500396005133624 -45.28728977296703 -0.09807434492524214 -0.11877116957331735
50166802597.868126 -40.889677922239386 97.54528223666793 0.1917667688765925 0.012622815943212018
22978335431.172554 36.46346656559109 9.28600564799818 -1.059492401481997 0.8071184817193742
899881899833.2495 -37.0297192548017 -95.35210187364238 0.06957689658845734 -0.27069161643706163
71007587721.86299 -34.04668246205303 24.373818504528572 -1.7497076935801013 -1.9597658059348535
566232599513.9894 84.7730018956556 63.09858999564378 1.8505476627854396 -1.948603485875013
525053198965.75867 -58.05334663198358 -39.69015041825994 -0.8645224457792691 -1.2639273326458906
261052345046.48947 8.226129746712417 66.80330316645285 -1.8814938269780495 -0.10380914142042785
417488174782.8485 32.842056651184436 -33.81543618681488 -1.1364292994047687 -0.43291936317646895
989026442936.7968 -78.84804782345574 98.90859487623987 1.411508778305226 -0.656054211756194
1326272593.9973671 -59.11458143393749 36.566727546655386 0.21766843821499515 0.13486926075200234
602149009292.588 70.56851001094796 30.820649302368594 0.053219987736803365 -1.8208155844402945
383473540996.01654 -63.03481373301187 78.38902423644024 -1.4370186821367938 0.5989471008366163
784658902993.4133 30.839390951912492 -12.546311538111027 -1.7636046324311283 -0.12737272216506534
692464962178.2517 -53.07212648825421 3.7200435291064196 -1.4727322055523895 -1.5483130462288712
27405413035.314373 -46.11911997514036 96.21209029525428 0.7342597183127726 0.2056557464691422
718915404732.4641 -76.89296055092049 -39.037899479419515 -1.171034621370496 1.1430861463427853
693630515664.0187 -74.10444941770965 13.473490384350356 1.7642913658446604 -1.5084312977087309
808344150922.2458 84.65137395530493 47.35260953605953 0.995818048625638 -0.9073026764878276
811693572043.7001 -74.51248133237425 -20.153309434682683 -0.4322904102230658 -0.7018267074685842
453932754613.92084 -31.235436730996355 -94.1533351007541 0.7204603635833471 0.582414625647742
153667231007.92212 -53.08076484256503 -52.83977366787054 -0.20839837703918018 -1.052873646931606
407895493454.7438 67.4909167342031 -28.536869484881052 1.2446466096100037 1.1983872251649896
143360735245.5817 -55.49228352957822 -56.70536092381357 -0.4055303735950204 0.8928069245565502
562396053589.5839 66.59728122272563 7.9596675948196065 -1.708181854367 -0.11818449740465864
816380327742.9242 -76.49467546705584 -42.78710192887656 0.8039318615589064 -1.1406004009401558
249339522100.73923 86.36956079519652 34.25365086943438 -0.07907291333899158 -1.7509982475808972
493374133779.1069 -41.87029775763098 36.861183964586644 1.9140849475196524 -0.902638934015433
456750398572.0479 -47.3028065387078 83.155348229564 -0.9619560625561672 -0.8804882524249589
546287212305.5042 -19.036515212985577 -5.622017292002951 -0.7431074523079921 -1.7992789315592832
590514790318.2478 65.10799145658893 16.558436823481287 -1.7018457521308776 -1.8619307411953687
860357129285.1304 83.3617718314747 50.195378220955575 -0.31586881883240947 1.570855379975499
165678117903.31653 8.8420468437795 -13.945517285793983 -0.3298248855629433 1.9639211394267195
83773685154.83759 -55.44517886057143 -18.529128223507968 0.3700035836702549 0.08728256982958982
111864210687.13126 7.814577958208375 -90.2737006103262 0.2739247495315902 -1.9607713496581196
478137516322.31226 -75.30407847122207 -53.30868140791401 1.5308556699502214 -1.342781479829977
672622200014.289 98.49181855042531 -70.86475014702067 -0.413495575255836 1.1736044855263277
542176466124.00745 1.289876013993151 79.8463725013761 -0.5295794309455601 0.4598600670160309
571606952267.2949 -77.95818144382172 -79.71065742651876 -0.9836707008312215 -1.1098487134546482
934152522784.5986 42.16717157419731 52.44395185613928 -1.347991306531898 -0.7565070577530038
356751891996.27094 41.109302651415845 77.53055049148668 -0.005505643125413684 -0.24344086261606668
619033128494.8733 11.07432883199418 -27.056711827456752 -1.3741299240954254 -1.2952497529462388
995275894058.2692 -18.654233158547044 8.957451899970792 -1.7696794451354307 0.12433803275255428
180714957722.45953 57.73621562111012 91.73324245707849 -1.5498198888914172 0.8604927052453903
556702478119.7256 39.86902709817565 27.93454101204415 -0.04776753578319859 1.6030782632594764
305355741825.70184 -30.50569959122417 10.090962675227317 0.6009189451301218 0.32060438389032075
695424146632.32 11.636564179786333 -67.105998793944 -0.22163501968664034 0.6002955467143654
951255694775.7142 -35.16272415468018 3.9080427740743318 1.5773667191417435 1.918358752802598
193902869372.61087 -28.933530651288407 83.66740662038066 0.865429265435576 -1.2408655708308518
940761840743.4095 23.63401299706763 -79.75868150136236 1.3853137034049356 -0.04234226225634341
851786455491.356 79.04223847378063 88.41263127401626 1.265468949710455 1.7683592981310308
164545161286.41776 -58.76442796272661 40.689801699231566 -1.2578158700437285 1.9129609819387596
489314153247.29254 78.76743809442331 60.10142652165837 1.412096383274816 -0.9031531477427701
280808863652.01324 -13.467779448198328 -54.360300595973584 0.5956638160660446 -0.7402462417655626
122133014590.15102 60.52278329467538 57.58744076307735 0.0808925085515586 -1.6160450547690766
705619248118.2095 -7.7948692170194676 60.359035449366644 0.4030414172222643 1.8616994960725446
493484756407.2229 66.49247083707098 -31.771729705148715 1.8651690856605025 -0.5754813627742981
579183047897.8025 -56.01085911302894 56.162938544859315 -1.1520908246978614 0.07360684136035056
737793452281.243 43.36615363252912 59.846495606238534 -0.872880803477754 0.7580144666238544
7322188071.293591 -98.0396183299832 -57.887072474586574 1.2758809482969875 1.3023245824017256
271039801067.86087 -73.7419405065013 -96.14858840806238 1.249188745080521 -1.376941845203731
444853673403.64124 59.07467267545985 -5.328713272135602 1.5350804813535102 1.5502751836600979
51063775631.68046 38.14505650369745 90.80543981863195 1.3472226626138104 -0.7298820688046921
921864019474.3445 -85.40461394412404 15.59277734947338 0.2593851538926364 1.2029197189478507
920825975940.5975 23.781121312161787 71.57673690661554 0.19385496586508522 0.028262417313151378
646927921691.1293 -25.744861218175743 84.98640408465207 -0.380923984394578 0.6814957783615054
813022413357.4513 -29.418470277672526 80.14206772844341 1.3988987087105387 -0.22093415479816247
301491033811.6299 45.62497011031235 82.59139546379373 0.07111568399828316 -0.0827972158565875
450119850214.2297 -22.546960156122424 -70.0389773975481 -0.045540826326486705 -1.4910999201510058
148886074765.66174 57.130153675988936 -20.423970354781474 0.09217787075264905 0.23602873680844327
401609640949.32605 -58.05356018414718 18.17471547282736 -1.1651079024199036 -1.5299202992433298
265562699535.2932 -96.82377303490274 92.21675371052098 0.9432004120786837 -1.6724237298292373
882591375545.0812 36.70025031016942 -46.55775675382634 -1.3514320767044952 -1.4794553872518468
60759724974.58133 37.2946241946174 -57.445128268403 -1.3591029227571405 -0.29796230902324794
785418719177.8624 -51.02733768324761 43.577542501955946 0.7576856255251938 -0.9410722829255826
447108189694.3583 24.047712377570704 -52.28971711585157 -1.3289473451015215 -0.04517655262137543
48074223833.67528 70.0368078563414 64.7100766239491 -1.8712101659952265 -0.3375344777287874
72042671028.03363 -42.39628321790781 -88.42814301677402 -0.20393087516690755 -0.29116895884704075
684444128967.3423 -20.89195729470437 -3.1198818418393586 1.846291246843041 -0.8743582914075922
889381632857.1317 5.171404692822335 -24.941048248730382 -0.16441605096502876 -1.9319877659165474
333915506961.1031 -65.33394309002935 21.529368632868113 -1.3388822206088915 1.182474269509716
555989712871.7924 -8.471375765957262 90.52393427354153 0.02459600457248534 -1.7616241420848757
702955326413.4291 -83.32416107215849 62.972993176988666 -0.7732129166638995 1.9161905511590476
208139208661.21365 -40.07137240828722 18.163808706357273 -1.1322676518878376 0.7958313406712008
830483659415.9672 12.53407116950072 -23.190155560142614 1.7545161569062309 -1.206893236210774
751892077939.4467 53.155111165922165 -66.6032555827068 -0.5418468931267548 -1.1403163064700785
466401346419.9639 -24.585719871341908 20.295399588681946 -0.893343130696127 0.03749924022576856
43399269543.4902 -91.4334676702916 35.169969457589644 0.9308624569510688 -1.30969060700627
857252985613.4385 -88.5927873315465 62.463744541343544 0.749568118747463 -0.01882845978204717
782823966437.8739 15.500019971401883 39.11475191562667 -1.812777209898448 -0.5301098614447133
122053822026.89195 58.77390459767156 71.53791281706455 1.8092044484256498 -1.8985960135727789
917172439283.1342 21.992607403904202 -74.34216292799394 0.9305383422738158 -0.21131405320161845
870796369166.3975 19.066894533732494 94.46442070581054 -1.0756381580908827 -0.3203210691532177
742778372295.0153 50.263943902788384 -38.40578771284473 1.1160959246189481 1.9014479761532774
769819765239.2203 17.602010358504373 83.05904392056087 -0.7970448187471431 0.01051381733042378
378281434802.7573 -20.671469420820898 59.52671518023399 1.1973885905029484 0.37925160442662387
591334761517.8973 -6.152202816622349 78.03951046656715 -1.701093565796076 0.7248800058950913
494563180550.85046 -10.939054066793148 91.65312445486651 -1.098136171077496 0.7632435708138279
916695283949.9104 -37.39254629458599 -59.68843737856893 0.9082392494376386 1.0407227405012898
35460090221.451965 40.1311583320844 76.29446266441167 0.38504824062892595 -0.4026316879341074
828050808968.325 -46.65675266227722 56.55900603506086 0.31030250524477054 -0.036979457544964234
517035074061.0013 -3.8363363599065394 -65.18885067171723 0.90128342199238 1.3926946508081701
456779981321.05817 88.36242664892879 -44.34599571737727 1.6220020584050898 -0.7806836228722753
336204391176.92975 -61.175650030719765 -24.974875341709122 -0.8437559616620449 0.09008737276847611
716855192384.4841 46.29874674323952 -28.360175077192423 -1.5899839717752293 -1.2265642112178723
61188610068.86429 -93.71209844562401 -57.4387096833624 -0.680029699066238 1.6255572110238838
939517491389.2457 -38.79688851882557 65.02242297328638 -0.447541010375466 -1.012382089028557
633074942468.1985 1.9722442358900167 92.8609757035089 -1.1581668425996514 -0.11895835275437294
492239786548.8985 22.619980574764213 -73.39408268514048 0.03462131775281163 0.745505425242329
317779144038.2762 -68.14437238758208 -62.638083203803575 0.21753119290029543 0.17225625183022641
706522258719.9996 16.98159333727945 -94.08365296355518 -0.3306658242966116 -1.8917947011325404
907586683549.9904 -12.397098652961418 79.3258911705432 0.19636883012330308 -1.1916489764692288
679529466100.5057 -52.25484722947844 -2.179631561579967 -1.4466408045466568 -1.344321242032501
236363315461.36536 27.425438254455443 -2.2008782175573884 -0.7282045232845884 -1.6952785112749922
508694534790.46606 72.7054383744059 93.63443040999141 -1.5721586833425194 0.8965331642804273
675377819176.5798 61.744386114101786 24.72015131438181 0.33957752530703544 -0.25836396672375983
144566264765.80902 -7.949239653422623 -26.789926424369057 1.2200295658158788 0.7869068341553853
935963057591.1356 50.95496456662039 94.35293298033943 0.8336550384033052 -0.3821484628438525
907638618739.5055 85.38667845575608 -57.26352061058506 1.8343321727906785 1.7567996149914684
20513367535.424896 55.40440607673196 78.74304224768034 1.6934010916860327 -1.535117309412283
848111179914.6672 -0.32087175465565565 -71.69369455319763 0.03761902364883962 -0.19862923251255982
107716643899.04395 98.21589791095292 37.07462416676188 -0.6746208631648822 0.26462755468319754
673670283023.6412 -78.08407314339756 30.83332697922151 -1.7386079312258356 1.7405728810007872
178407512423.90717 -57.57653679489583 76.05046383689421 -0.6800286263152193 -1.2005170210560663
626310177773.4895 -13.838055450980107 -8.737049455272157 -1.3594666094509331 -1.500203152844382
916710043679.3285 64.46801583641658 -0.6469233241987951 -0.33280312708329385 -1.425947365345578
232038233026.60867 50.96621439684361 -70.37600579498562 -1.072835688138328 0.49395203105285734
42054530480.20104 79.12657824920757 -82.45943141176667 0.397869314913351 0.805770210339706
153937991504.82846 -5.832456084350454 -30.50576030676227 0.8838136092726661 1.5232907656390982
248136297610.91547 -97.16649720817028 -17.098714726389886 1.7181073990960236 -0.7547532476039565
342033738792.4686 -11.568846021205204 39.76427163751163 1.8517132049458644 0.07544660977276285
460157611448.0866 70.67361127655397 -20.996952784201824 1.0921078879375354 -0.2714877927522852
905220770285.693 58.88446300771133 57.23037988244005 -1.953607061098936 -1.3223879246579662
331874656148.2059 -74.10602551043317 15.36948033629595 -1.5191867900240918 0.5452638165262202
753590451170.8386 22.11123488255859 66.81653421182193 -0.9924630842292426 1.7661743667561511
81271634154.38899 -39.772293266242784 -37.596325565727206 -1.0887816561047998 0.5322041807309663
97299280407.54602 -54.056963626503965 43.966877827265506 1.90558930510911 0.0669134846118622
333890513271.8173 -89.67392529775864 -24.075641055076844 1.9774490824251898 -1.5297115378698622
15656692311.827753 86.19374909940336 21.583688424146203 -1.9235670758952965 0.5501471307227446
114950275404.25964 -20.249585853823078 84.22960732880625 0.9073385770321116 1.4607510838459503
396048245723.904 -14.254995608256763 -50.120932820758554 -1.8259549614740926 0.2564597952804304
727493038415.4922 19.40948772732621 -7.677362390647772 1.134295105999092 -1.3355970586002295
646553222370.3322 -63.90437691170696 -93.4633588764419 -1.5735195951400192 0.047516759430890065
822312319090.1501 40.054252634310956 33.72105204669995 -0.425215528138303 0.900229066037133
479943979412.7224 60.02467803477009 -72.02684232251768 -1.3658552944093474 0.9745205125315719
970817873880.1344 -66.12386171798627 -26.04404314140416 -0.035060968044323015 -1.4816639913338956
936918244786.8112 -36.68734305661607 -24.19828731081097 1.263319029330047 -0.3022026372474764
917569001338.6865 47.378491943114966 -45.78049221467375 1.932670525036495 -1.2796239268582301
966800508231.8318 96.73421587411661 65.02977752748714 0.4635030711561865 -0.07877605988149172
805687767051.0543 19.29141082054511 42.11819205633046 0.5869578192061229 -0.0848581351549127
720394777739.7457 -56.17597838219752 86.32464320467002 -1.6776028138371402 -0.7897304965509262
712710253307.8593 46.07992594373002 10.22685331018802 1.605243843596205 0.034328051056166764
147952311552.1015 19.850260896809175 7.050165250859621 0.7516316607598195 1.9632336683537512
657702491054.8064 -16.877812066449295 -10.161468665467694 -1.4389037906421578 0.9533119908099574
394723920167.5071 -58.46523814331448 -79.79871399410703 -0.06018093182275086 -1.8672194134970703
334621357706.04285 43.43035127765046 17.31403645618603 -1.6738590965026026 1.281428766883467
170740586575.02606 19.437785320359694 -37.87274814632284 -1.135520156959024 1.846469676507677
356165255188.6448 -19.98805902759824 0.13622837352704664 -0.22586230374520788 1.7925592586874424
683038403998.4756 -80.22027358904211 2.060931778281045 -0.016673806359673193 0.1170683741765397
135742744391.04025 37.072269206534116 -72.68651603302237 1.1960269638603984 0.08750829728558784
711410253629.9347 -9.061372016586276 76.43102518291414 -0.6776273910527095 -0.11391523771533896
970532396185.0511 41.40474015416072 46.26318435478353 0.05620528194551522 0.7621693456228371
975274001648.4913 59.875251811688855 44.782284346225055 -0.7962560387913413 0.9141685404400697
736694692687.5363 19.135847578822407 40.29463947993682 -1.117249383363177 -1.9658358502931308
498471034993.64966 -42.04513332700452 -32.60338023215688 1.9881799445109474 -0.5211125437474355
759596611977.6798 -72.14199220626469 -97.30538818913499 -1.867324988373242 1.7212667751290485
241782796294.11462 68.53187198601535 -21.61349338704997 0.37218885676558866 -0.24849074725095166
840795599293.743 -60.206863837824855 -81.54513938743595 0.36208826594445886 0.09128812695092137
40861051544.908035 -88.06738279654985 -76.926652741461 -0.4392304592397349 1.589900823388322
216251076035.90115 -98.37139588466198 -95.69512142653008 0.9613173431848097 -1.3096329088849488
362839686991.26654 -40.62364552987536 -78.6694952619964 -1.5264678371222917 1.501005057996883
49420649018.07526 -44.50477877614119 -44.37518653040016 1.0966531346658628 0.49160080190115396
879126201290.8445 71.71484395232412 26.877007595248045 0.4574890902171802 1.261095986014804
391673780992.70795 -95.78779006796054 74.88061825542096 1.1479869961408715 -1.9041128582499929
498400121439.97833 -25.19067462083804 98.92695578310159 -0.37127230434846714 1.1824824706192558
631552332270.0736 -83.19901760502148 76.44044345813478 0.3782969801206848 -1.6259397575362646
542620557852.14484 -38.58074492499046 72.0868968119139 -0.39848343592476443 -1.9702398637351255
567423698973.7496 81.53604977387772 9.476154803501487 0.8642075455725862 1.3173630022416831
264626049015.5275 59.90708456769468 -94.22968895887018 -0.020139834828849956 0.7316345952960281
587616936512.7933 8.466525886722835 31.150822049581535 1.4334495350381733 0.8627207099459744
114834322093.46677 62.38742505133763 -35.210710014062286 -0.09150525401254539 1.9180478822845837
990073151899.9573 55.63844421310989 -69.26499025794647 -0.9378879502177666 -0.6403206722370225
750896493989.1727 -41.94955643433897 -65.05429368523576 -0.14158515593851462 -0.69160569877908
48874660263.36777 88.1039246324795 91.37940306842944 -1.0301891363677904 1.7512282641259098
816541223928.7205 9.215072079364006 96.8512164808057 1.2463678780817622 1.7883372818159837
69404511679.53107 39.46566678116321 -98.01168194172413 1.0475904638158648 -1.3422124306586634
561453104032.851 92.73435231732478 60.82608823602439 0.6907214722016515 0.3279849716863863
890732404411.5925 23.84755295586389 99.40998916560534 -1.4825529309439154 0.041253201301056475
358169561042.2017 45.85413170316903 -42.26779275540737 -1.589597790312168 -1.0777798690687304
308120902906.2757 -87.19050595310253 92.50504108929132 -1.2019510497989958 -1.1581499197859904
870360732864.2036 -60.00662506467842 18.91851773541795 1.5062741105769888 -1.8064141170579808
235561786492.2851 -14.463761465846716 79.45542699881995 -0.8576540100675993 -1.2830274713902758
287805667179.9296 -75.1739895741203 -21.05929629695744 1.7455015539264198 1.0543148239012465
514897319895.8045 86.25458718261484 -21.548389375640184 0.3316928258570391 -1.2824332603829682
619773594936.798 39.40014465306447 14.16726751982074 1.8752607924871505 0.5695192853542221
589136843202.9893 82.82314102018563 70.69873112069749 -1.5180836695379272 -1.398157723777894
758907835758.2732 14.939086953664443 -48.030870693308024 -1.7293621215026085 -1.3138323931867593
894476604062.7144 -6.99054032216948 -57.53950943105666 1.0365923568251159 0.4706644497013981
757317792545.292 -44.00188462609185 -62.64486139835479 -0.9345411259359082 -1.5611707281685443
394970034737.0078 -43.09983801859596 39.67829257277643 0.563960055702792 -1.8249366289362299
781181723358.2639 -18.635249994351085 -58.47348473286371 -0.24447886567048727 -0.23218075075601918
133495201715.04549 -37.62792169897882 -23.246862905247895 0.21520526689597252 0.4629885213740348
113733998014.5133 -11.26478924218388 57.19025346740955 -0.792079706713285 -1.0604059449109258
728009597344.6562 91.84533083532466 66.08329814054989 0.56221537715225 -1.1699173918074703
570376062526.533 33.84097572036592 99.66018733158856 1.7853503276396196 -1.8152441054096582
594210208516.4113 -82.00164422211256 99.00042925474 -0.010431330922337168 -0.8963436335510746
179595530781.1691 -15.762458671304458 10.206064817411715 1.995183671420321 -1.8713748828126358
423647152811.90576 5.7627974000729125 -84.47213080777114 -1.5629308516757212 1.7617987617841617
943354474761.2247 -49.96960226742362 77.25201020213686 0.9155503640098459 1.1922410738320681
80022389230.30188 -52.23676885300659 61.447926590267684 0.30416503363373826 -1.5004314462265245
697347357475.9137 23.16950249144554 -3.6695322673760984 -1.5348964064841968 1.923242935197424
91386407153.92198 -68.52780676381185 -15.336677454091912 -1.4851740238926627 -0.6069715279750767
394741855576.2042 -46.480788988219544 -80.70489866132458 -1.024348104566788 -0.6781197165801376
432106111174.512 87.36217153158267 20.24899765217944 0.524491823594667 -1.3488771580563275
165080696880.68042 -96.08512602896386 62.525394738607986 0.6994963459555006 -1.6116608967417778
560221739022.546 66.43088734230852 -51.48238727546346 1.214647447013414 1.93045441192027
408629484608.25244 -37.089630414721 33.555539055416176 1.9467043166179616 0.3744655902761118
278450744182.54474 -29.638850898574006 92.65527665678351 0.8348668385868576 -0.7102992626380842
595704504440.4274 -40.38701024932612 -71.47720466587921 0.039830029601004124 -0.010149442131384578
101589595333.28824 54.79270092966311 -88.03260239850299 0.2954033336001394 0.15360892581015628
440107912824.8411 -48.43979264046337 6.555183067409004 -1.2061947178001096 -0.6138772016076182
413349629841.1842 -75.09055540592946 -79.00448539741816 1.932057651502559 1.0965847407135771
356948951708.1987 -81.26051853852314 38.248151980194336 -0.8061338259839834 1.9731131156331365
219028737056.5821 -48.76431958580098 -84.36197714940525 -0.27648397672386427 -0.6605306206535095
141306629389.37958 4.8133686122043144 -8.15451061866763 -1.9021877034571357 1.9613489897544492
416409354674.0379 -24.45363972420658 62.17984159480281 -0.34792662190129864 1.914575782643459
701994239339.8281 -23.205531944406246 -60.32086370052217 -1.582423564644173 -1.7697422333094295
984923891153.8009 -79.78420713184802 -31.340026687512818 1.432006292209239 -1.225436153928511
952752118005.2861 -78.08576549849273 -7.053366895923546 -1.4750765106657715 0.0805589414657697
865661592119.5597 -37.56996871346037 -63.49615981364194 0.9534647228441697 0.7047105307054973
717647002117.7499 63.5567964000889 -26.04907889285461 -1.9729018825859659 -1.799285023202414
591767746536.8004 47.107951867822294 96.91397890919168 -1.846552061523436 1.8602590954010312
928404863172.3552 -70.75656968375243 -85.90520963321202 1.7398562356585914 -0.663385104846347
507823036339.0544 -34.5558128025463 -25.90035534142912 1.7755997493759526 0.380269105597391
834692194768.8934 39.138048217250486 8.564442288868207 -0.19820096716072433 0.266203903833822
865440662291.7817 -31.952339894664632 17.27533378452064 1.7504627124804117 -0.2947888653685822
34818104460.66098 -24.15706877252771 56.29437907541822 0.21137057621334332 -1.0711501219419923
617756821208.9473 92.99953808972344 -68.60807838246718 0.8055026962139591 -0.4357208908199999
847536817856.928 67.74588015798321 -94.96645121468586 0.9166132430319824 1.4795942936917634
251333676632.90536 -40.61161807609794 76.14045661917575 -0.1607196714306247 0.3288271668559024
269202265949.233 2.026985911122466 -6.186118753477871 -1.9997862350744606 -0.4501041445900529
542805691361.5425 92.4844988271303 -19.097309072619282 1.744000423015954 -1.5924656861210713
273212531556.50458 96.44008590386636 -66.91850706148858 0.6277991868135828 -0.4033906865652317
342589285814.01874 93.88170372024905 89.51993892332158 0.8359536810263997 0.2684247083823057
296095921533.1017 18.986661864604898 -37.770335386005335 -1.1693597404269926 0.9455080932093485
543877485307.4698 10.225945698514451 47.95863232836018 0.09567962668539343 -1.4264594682229665
539807866230.2311 -75.14582144642424 6.269718159950742 0.13906671756035793 -0.9827640762573027
627082122661.7842 -48.282549304100186 45.491334044357586 -0.05469792998221168 -1.2484484914151635
919837768054.4465 -22.603249541745953 30.02715275606377 -0.24627222148929784 -0.14048913708092003
620799159851.3967 -5.140344579392362 -45.18003182605843 1.7266258537683967 -0.2086842910374127
933704170491.6271 72.99693017254779 22.25292925119355 -0.6531286220926411 0.5161008642450384
93543512893.75424 -60.66547596746541 -44.75781288052718 1.3419068485208117 -0.8683392251341364
480932441054.86707 19.219941604739546 -76.49702359781628 0.06944244517143527 1.631499063505344
213198699387.25366 54.65797138252779 95.5882861477659 0.44606814322428523 -0.1717517918397955
552852093140.9371 -57.9922226020976 55.93449194913248 -0.4576859369135087 -1.3998433143964522
338761151707.8686 8.543723005617295 -51.657327687009946 1.5508972484488366 1.73701195575063
378772354961.7116 19.918597452401144 13.744099864598496 0.803538210737123 0.8204979768135918
483560214044.0399 58.3445709946692 68.33304645735993 -1.1930785155616328 1.5819921944671966
910729581712.1893 86.07382315042608 22.875578808448992 1.6159223499061834 -1.7402770236610552
632186311308.4445 40.613883353594304 -59.43681590584979 -0.9979143809045419 1.2239146096919096
136071617755.16212 -68.96726168110109 -79.52781194771781 0.6340851901414646 0.09091385444042954
227425512429.9819 89.88140996644157 -48.78563266105094 -1.2525694381286812 1.850562756306529
763774105360.6497 -19.404667561701345 31.785728202436246 -0.18959982732958913 -1.2089064156294889
433549646453.0123 -14.870011622250942 -37.89878533624373 -1.1030621891536536 0.2647771663610845
554691134600.1592 -18.604235482115158 -49.063266623936784 -0.4591574490157253 -0.1317866892448194
458943928549.2854 -8.861056246578187 -59.55107994881443 -0.3691580080215098 -1.6549593591855283
911713481914.3647 -41.14930760959412 -92.70436931668972 1.0790817364823546 0.015446070651276234
198935254742.92426 -50.34173396518793 -75.2366732126529 1.6804606420380193 -0.2030684235512985
946537367016.4542 -80.49996385697361 11.130158805525554 1.958375532952621 0.6768368492338563
520636108350.9728 98.49345801774336 -24.571567431279263 -1.689489844054652 -0.8491760788408396
615520867073.4423 -30.860946302890852 89.04397458998216 -0.3466084605824027 1.3700330904772606
428047199309.248 8.349270185171449 -47.07153473664707 0.4985190153026191 1.2788913703801899
871486919407.5961 48.368177492895825 93.8981477405512 -0.5374229830769481 -0.3390854372825358
230986473427.6294 -74.7415673407659 -37.66085677842796 1.4710091368858027 -1.6806566946118187
251323073643.90338 -3.0000116477246337 19.171246684434195 -0.5784753482072036 -1.6433081790296407
278264634465.3949 -58.18922081415012 54.41128588205825 1.1036999745750635 -0.6136633081782952
14009864436.132345 -18.225690581958617 -69.23325566045443 -0.8860974003398074 -0.7467172690572723
847251327139.9208 87.35069375173703 87.64378020012629 1.1875259472502702 0.031077013725540947
233844517418.17963 93.74388751057751 24.059186738504536 -0.6244538884821131 -0.6224722837617822
336119851612.3608 -16.376296512751992 5.893967956922339 1.9531269496518555 -1.2409033601277821
848538148213.6094 -0.7163696562690944 -56.97803026915047 1.250411804305918 0.2554354704255144
525539502512.7481 -35.019455534252856 43.174879679373305 -1.133148903416933 -1.530249692874238
133475073945.41248 -51.24325026963796 77.07122569573622 -1.2367077749149122 -1.879347119251109
16847884162.461445 -94.38984653617833 -92.05913651574858 -1.2397911013443146 -0.42904155220074136
310038218419.5983 37.39554320394379 -34.563722625991076 1.3126273155995696 -1.5880467420013726
52595262735.31902 18.803964375562174 -16.603079007359156 0.16203482748856013 -1.994823955756495
879976788590.6472 32.758840273905065 52.723122809995544 -0.6223554533387121 1.0221359178463665
83311437304.75438 -44.10899983886354 -9.210341826777153 -0.528962559478515 -0.8598796262954105
729053683792.6204 60.66925261537972 97.9210552233767 -0.09653111052514207 1.1686750655503042
993047134982.421 -4.1575148902033305 -85.52826538099474 -1.120628283638787 1.508509929018314
241822868714.13904 -87.01343254698763 -85.7664717890824 0.050578924684099746 0.1974871986334663
763506866726.9371 -23.388337598464588 98.84959839669804 -1.032071430069021 -0.7774308581082847
881826686667.262 93.79508989844533 25.02224378522355 -1.306353347759277 0.7123626916900259
223892946846.3067 -88.69134302461752 25.284690862979915 0.31477401608150846 -0.2918514465164961
807494573867.1869 84.41623794409031 -29.185256303711554 0.12090332598918829 -1.6095647660397092
491381200839.54956 2.066307566753693 57.420269284213106 -1.8261521392317794 0.7836602669068915
891570793454.7312 12.263198105550472 -42.57497103713446 -1.2342137091103784 1.9830353153203122
562194802543.4669 -94.47018208838382 38.286115557157274 -1.633776639146729 1.5125456566013575
596134939717.6693 54.05685052960163 67.70763930779447 0.06930999350562628 0.20896314092989776
388331077709.76544 44.93852404544626 49.449299589566266 -1.7349642316715883 1.6786351483292639
937775206591.3805 36.97365045557589 -96.25286464052223 -0.6410285927022641 -0.06249646748259119
260609968631.17896 36.108033163219375 -6.194261715721353 -1.7891817704983146 1.1400316419393488
43811990245.879845 -80.55074424485034 -37.22580433328688 -0.23486759790259049 0.009309811263626067
356973564147.2757 -98.52379680808295 2.8113351617059976 -1.2489282772911086 1.2669887359776233
110845461949.30669 97.27034109558574 88.4245144154892 -1.9013007163500695 -1.8306135874387772
363273553056.9588 -4.837445241255097 -62.5011037587756 -0.18847704292817014 -0.7929731111150571
221980036394.52057 3.889986697261591 -45.02983221367769 1.3562362012082145 -1.8762191409194648
349489473179.7684 -53.37925338597618 85.08169559741756 -1.7641129095417627 -1.7206367389838824
513246468696.1862 -96.22412278020835 17.369277985632564 0.604242624066802 -0.7030204635455881
651236074451.2728 53.581359470216995 -31.61048164965399 -1.8930031926842505 0.7277267674557639
810320496352.9321 14.3358006581348 -50.90312181266483 1.8981011308508617 -1.3428124598944815
210319526549.60895 -44.42954120483178 -73.55725353023408 1.4537612927147507 -1.9954105167812322
796320097650.6709 0.12104140637025296 -26.52381327493562 0.16516198996818776 -0.5309931484318735
615731559281.1359 -81.41563482973355 80.85295744031907 1.3716645143599075 -1.3807195793088929
997675629081.023 -12.13786257004152 71.23673803546748 -0.06640916108997708 -1.845278327181724
428541981645.0491 -40.642063406271504 -85.24625198458492 1.397352115479456 1.9606961725404566
738781295371.6359 80.87466475811365 82.21196503878235 -1.290254070108947 -1.8774280209641994
967918641520.8213 29.497062156870527 91.64563935513462 0.7631406760177466 0.2115759101283592
776063608348.1353 83.80838691315023 -55.306164280760626 1.5109384965239259 1.8281885704306018
233759476083.04 10.137684972839423 80.54423294432394 0.3974456049381989 -1.400347113169885
710277673514.8943 -76.34537276361104 -55.33772720236354 0.5944732238416166 1.9882635309290215
720484903909.4144 16.72450326804409 -0.8256989514142248 -0.6815319974806222 1.6601631531261893
154016873311.85834 19.14704449375573 47.92307955530649 -0.08749129791960586 -1.6459687237617042
456692006705.52356 94.44851098206814 -8.723274415196158 0.19661800851864886 0.17190151421965982
307238870770.2209 -63.509012612805925 36.12290876183806 0.04822902626187364 -1.339765258805084
824532475396.6987 6.728980887006131 -28.145382880870855 0.5097553487485125 -1.2091728638390302
768579731582.6462 -87.42806530077982 52.0578559374419 -0.7698285043435633 -0.06380600274038395
111244214569.95848 84.92046325960462 63.11171561384711 -0.5688480501589166 -1.5975077388214416
692613092088.5637 3.071368983690917 -11.656487623858155 0.504569413672753 -1.8192425940750852
585697327423.8186 -4.944352633065122 3.952347771358916 0.8939919687273719 -0.39358119549489023
889145521812.4402 -83.03255427219258 -61.480028666310794 1.32983281078835 -0.3830121828995452
590937737201.8342 47.2302863521725 -67.94391315704252 -0.4446692689929921 0.8486830024583454
301718190636.0418 -10.903418502673915 -17.774189208384257 1.0819587264923665 1.1486187982677127
115499299336.19325 -66.19216846155615 -51.96309444786813 -1.9650063994749805 -1.5972949693882255
129029500324.93044 -70.43716113560812 -88.19123190869254 -1.9725884038674364 -1.3944243860725414
281588122247.0153 -9.665390614783064 -84.29107560685729 -1.3116064202528235 -1.1362006654827312
652874092080.8925 73.14180663759853 -47.63791299657187 -0.9172816452512094 1.3776609495150414
361824735021.7908 76.34711043277363 50.48236018076031 -1.3283892829658366 -0.21157631106322183
140473073280.01755 32.65561305335953 -52.79912749190725 1.1564800740537717 -1.7745911896901427
857907737278.8336 -1.0353612463761692 2.241950853580434 -0.08126828396521546 1.1975518735866149
911526508649.3081 -88.48789678828399 72.5169946539242 -0.17241276986626808 -0.12998931988073492
358058019990.22955 48.361379555861845 -16.175140991158514 1.2995870440787125 -1.2572516697175051
757990468365.5881 4.396252532532017 -41.09747352248465 -0.28242941286006795 -1.6869280533887276
416510444937.71783 -1.6791722851778843 1.4708869097532045 -0.5544976416379774 1.1459469167401322
169157707803.72296 -80.60100478548563 -96.95903215452397 0.4664861603810291 -1.8493088346506261
52806672320.618385 58.195964099317564 87.99132930979533 0.15432063048331335 -0.08646656322651003
741694385868.0323 -53.652490036020886 -31.432340479675673 0.036118402625954005 -0.7895675475660497
154115196463.07816 -76.21414109319903 -99.54757246263095 1.4993614460876796 1.4632614098335526
877474149321.0011 61.09269652804568 -23.69747090990775 -1.6492039350116912 -0.29489036898519894
261237078780.19147 -47.967942265632544 36.513127866195475 0.8859853903256978 1.9220387061694395
556352222382.4562 -41.17486125027669 -6.469274828023998 -0.7159204479341019 -1.0266279319993363
499656296762.43445 82.57333667265306 -16.203230785084173 1.902027519644725 0.9845823585827964
678410818022.7996 0.11690063022516028 93.90515788730045 1.0732146306100394 -1.0702488986183938
953072899977.1271 51.815671444765684 66.1517314356004 0.9883713799361509 1.3628263557731688
841285482306.6006 -83.21585931031288 66.2078110325763 -0.3695226388843893 -1.4706584661675755
687475541975.2034 14.001857762312369 41.597862974316115 0.7013429266600375 -0.46291771820108396
383245990449.7996 27.2406823103196 92.07097839671826 1.3335237938231255 0.11811665833936402
89667187178.9036 23.550376849213393 -87.40647875679988 -1.207010158073826 -1.761301305181806
362219897551.90326 69.09433419355787 -65.80664454349213 0.38811532795014125 -0.9978375833854551
699200108923.3794 49.83459573736215 74.44489381391861 -0.905165597262406 1.222669856530099
434076405409.8659 93.66585646551997 24.978954277456225 -1.6752917058933212 1.141335872938018
162652991225.99942 -54.398477511937 -56.000301458590876 -1.543367202591205 -0.4108568550244316
524926809223.5462 69.62775898674235 27.140026446048026 0.851873733162134 -1.9236631543986769
456361231432.2626 68.91658658508476 11.460471406179053 1.5816683100792774 1.1262633593800584
150270652535.47845 -89.99452732127673 -11.135662336620555 0.10993646648718824 0.9303122449896182
114936021734.11794 76.38378375986983 5.432391386363648 1.8350557178177391 -0.2440093982478797
41195436397.192444 46.98126324461205 -97.21833591247884 1.5905722024079632 -0.6799791267924369
314948846303.55035 97.16641008679176 -28.838221305002065 0.8056895536425928 -0.44344956132308555
769377976507.0197 -29.755507069469942 64.78313801790605 -1.0363375472074061 -0.3836279319074709
852197996066.686 59.16426457418078 -99.04157751123645 -1.1728708845259703 0.21993791191890377
424272489203.2302 63.2609693620081 52.99755031108822 0.05505487362266104 1.6157176250348741
862108179424.8374 84.89008455626194 -28.991518313245095 -1.7494718612153268 -0.8652881012436788
723447974233.4493 87.45975364253792 80.96789865761588 1.1145706890859124 1.892867986893807
890018534398.9193 -39.6935862836943 -7.091503287352438 1.899856743910239 -1.995325672488065
550556588084.4758 -50.7345147441413 56.59327701312026 -1.5161296628887477 1.5824551262972069
746292119337.8594 60.030234942905196 -48.39068152484458 0.19784905633222039 0.3375892078254408
48951684935.93715 -70.32237524576837 98.23240149389642 -0.8276779549325743 0.2727040225065269
175055614485.1595 -62.42953820839028 -12.839981879833957 0.2386291506152074 -1.0707515426740675
42896026050.55094 4.189924420588213 -3.0028309076310933 1.8532612266989226 0.9144333477781701
470854830642.0756 -49.49755481890965 8.61112548270124 1.1550561907704457 1.0454989010622135
32061058863.779774 97.19492598101354 46.12718700555652 0.01687087743256921 0.6029555646805402
488508640461.1143 -29.74497245864714 -81.95234454028511 1.9887375975383823 -1.3866528004347263
212772615982.13345 1.7616103782364547 -92.75532151549928 0.7420993601523231 -0.673690613302488
946448371451.6486 -22.44469051046474 -21.59909347304996 -0.36620754065054006 -1.8107859413801681
560296313524.8118 2.2009587232127075 35.14327774345705 0.8804442252613218 0.6214470201353484
584871035623.7429 -99.39728273238202 57.374707345652155 -0.5344454593092358 -1.4497725475162753
547513526761.79706 -77.00596768300896 -66.38338752040809 -1.360749126168212 0.9605009790362495
140340147724.87717 30.888059617848995 -4.885241894977028 1.4460384792351748 1.324637158547202
765200198413.2075 -36.744360137856134 -93.29632365108691 1.6364280491172236 1.6919158475440983
341338303872.8486 87.95210218050732 -54.58881576989825 1.951961247523157 -1.6394070422282674
805570901545.1571 55.016749221148615 93.94645817719308 -1.3062683921593785 0.03549188248031365
452080928267.58344 52.06411645773099 -78.61070477713736 -1.1720381796304133 -0.45182313361022786
585491224445.648 14.146917512713614 -90.27364016003092 -0.8119353337678197 -1.1605529963728043
551547477944.0109 -5.77177831805318 -90.6251011998588 -1.1851277087733285 -1.4265890203215195
110561006152.21947 -80.54486834750567 63.207336216087526 -1.7099323031482512 1.7978405509982442
589697748823.5929 90.37313921690219 -59.77103426474388 -1.7318881443981677 0.9066125313675255
10915804236.023626 -59.688348019627014 54.49089511113206 0.5767163118845873 1.4744260922644794
163984360209.40115 32.264763336958 96.78932299169344 0.8336356032914569 -0.5540705636630467
409246896292.6108 -84.69310621013035 -51.04148643864621 1.3947827724239423 0.6087276611303891
381452207872.984 1.1642479910381383 81.84900209787668 -1.631454197279803 1.8028730941375564
578281834221.0424 35.05799590417166 19.930531944213755 1.6752404510819918 -1.1690652386684457
150932224555.12054 1.6231926907016998 -41.689815049204704 -1.4322646120775557 1.515932098385353
220983506240.70508 -32.50942321969481 92.36328976031422 1.1377290348786468 0.8427241802929215
213413557098.2198 29.262121163535454 37.53187671875557 1.976476642039739 -0.07232246942598719
323450244180.85944 41.6680460034969 -17.763064366929697 0.3814994644859202 0.8440757738187443
415469605119.0345 -3.2189655670539423 70.88598475713633 -0.32698410453313365 -0.10362083062202165
282031630042.8464 -79.8965200916763 -89.83388978085809 -1.567621983047164 0.02538041696932236
989796550521.1161 74.11302814722848 12.810118252892224 -0.08627074324562711 -0.5989225051766964
358944178841.2427 42.65395164815152 -18.3759229326203 -0.46028656124845213 -1.256663060029049
462737081201.7884 -18.583485503093982 -92.42175496050562 0.5584181630257397 1.3023260050497032
368866465528.53613 -78.98351674865611 21.856410021291623 0.29201773317420443 -0.4679769857980185
597671347690.0624 79.9204282878008 12.433602815330687 -1.3160077378698731 -0.15036554652675083
410786189536.456 -28.878871079479993 -30.83985538546223 1.5870165383826076 1.2259485995832207
588495016582.0388 43.56971692432049 24.50168645154946 1.1595253874205786 1.0818809530425608
708610020554.9093 -37.508214326399106 4.7596953257274635 0.4266933358001639 -0.629514707140503
215818883326.59708 24.470892639323566 38.210613746166814 -0.3591895519351209 0.33462184950824936
521929725315.81647 4.486899280815564 -18.137775026774634 1.3054493235258477 -0.7359343764152473
632513739322.2539 -97.07217531410367 -60.82510243548105 1.879383007014372 -1.1600602165599967
778057395752.5868 16.085775522748264 30.997613567549422 -0.3168090519823168 -0.3967137469449744
73305314286.33359 87.81908466540719 -23.533496530510973 -0.1059592524630042 -0.7605669599685805
78184728779.6847 -22.746659315937805 62.347525914007775 1.9185701612115222 0.35023128022745187
98709263304.00903 51.48364601575227 28.83639698837254 1.1900149700450418 -1.7618912143916021
789224607245.688 -47.36937904420191 22.072835629627917 1.8534765962237452 -0.9644609532365123
158561369426.70212 -5.614000055217943 -12.532682302807416 0.6714373309745367 1.2217374930533924
243303561288.69275 -81.57080774186316 10.8991563820029 -1.3586541625048945 0.15779771350482807
560140398083.7377 -4.304289913472871 73.79180287579183 1.0679119415369045 0.34195605639355886
852473018816.6562 56.036584872638855 -23.867774333218378 -1.2535704078028256 -0.8261676704746033
871715020105.1941 -34.88549596943243 -88.51110703131042 -0.390425816767054 -0.3648979595694808
713213677651.2372 -75.55188850899957 -97.0442847978448 0.35195766931403627 1.3639014861198153
275505161743.75964 68.20039101576072 1.00521075636739 -0.8587508213384925 0.058503848940127945
433355777424.5187 72.96442000884414 19.738081472584867 -0.10130193492484807 -0.25681984759616894
589193340277.3092 -36.35083433648736 -75.44326749436287 -1.9266265917542693 0.7205437476654124
428783608456.10944 86.20578986310775 -4.388450651637868 1.112236966283279 -0.26027036249727686
